0-Time  1-AverageGoodput  2-AverageThroughput  3-AveragePlr  4-AccumAggregTxPkts  5-AccumAggregLostPkts  6-AccumRetransPkts  7-Instantanous Throughput 
0.001 0 0 0 0 0 0 0
2 5.085 6.006 0.1533 1037 136 159 6.00931
4 5.699 6.159 0.0747 2127 136 159 6.31328
6 5.946 6.253 0.049 3239 136 159 6.4407
8 6.211 6.442 0.0357 4449 136 159 7.00832
10 6.299 6.483 0.0284 5597 136 159 6.64922
12 6.438 6.592 0.0232 6829 136 159 7.13574
14 6.624 6.755 0.0194 8165 136 159 7.73811
16 6.779 6.894 0.0166 9523 136 159 7.86554
18 6.944 7.046 0.0145 10950 136 159 8.26518
20 7.162 7.255 0.0126 12526 136 159 9.12819
22 7.224 7.433 0.028 14117 290 396 9.21507
24 7.203 7.394 0.0258 15321 290 396 6.97357
26 7.217 7.393 0.0238 16595 290 396 7.37901
28 7.277 7.441 0.022 17986 290 396 8.05667
30 7.376 7.529 0.0203 19499 290 396 8.7633
32 7.499 7.642 0.0187 21113 290 396 9.34829
34 7.567 7.748 0.0233 22742 426 532 9.43517
36 7.652 7.823 0.0218 24314 426 532 9.10502
38 7.755 7.917 0.0204 25973 426 532 9.60893
40 7.757 7.963 0.0258 27499 587 712 8.83859
42 7.802 7.999 0.0245 29002 587 712 8.70538
44 7.866 8.053 0.0232 30591 587 712 9.20349
46 7.941 8.121 0.022 32249 587 712 9.60314
48 7.961 8.165 0.025 33835 721 846 9.18611
50 8.007 8.203 0.0238 35409 721 846 9.11661
52 8.03 8.247 0.0262 37021 818 973 9.3367
54 8.034 8.243 0.0253 38426 818 973 8.13776
56 8.06 8.261 0.0243 39939 818 973 8.7633
58 8.106 8.3 0.0234 41561 818 973 9.39462
60 8.112 8.324 0.0254 43117 923 1097 9.01235
62 8.113 8.318 0.0246 44524 923 1097 8.14934
64 8.123 8.322 0.0238 45980 923 1097 8.43315
66 8.151 8.343 0.023 47538 923 1097 9.02394
68 8.191 8.378 0.0223 49183 923 1097 9.52784
70 8.214 8.406 0.0228 50796 931 1160 9.3425
72 8.245 8.431 0.0221 52408 931 1160 9.3367
74 8.249 8.441 0.0227 53926 996 1225 8.79226
76 8.27 8.456 0.022 55484 996 1225 9.02394
78 8.298 8.48 0.0214 57100 996 1225 9.35987
80 8.307 8.502 0.0229 58722 1014 1347 9.39462
82 8.327 8.517 0.0223 60296 1014 1347 9.11661
84 8.357 8.542 0.0217 61947 1014 1347 9.56259
86 8.359 8.555 0.0229 63519 1124 1457 9.10502
88 8.376 8.568 0.0223 65090 1124 1457 9.09923
90 8.4 8.587 0.0218 66721 1124 1457 9.44675
92 8.383 8.582 0.0232 68165 1211 1587 8.36365
94 8.389 8.585 0.0227 69665 1211 1587 8.688
96 8.404 8.595 0.0222 71235 1211 1587 9.09344
98 8.412 8.612 0.0231 72858 1258 1686 9.40042
100 8.404 8.603 0.023 74269 1287 1715 8.17251
102 8.406 8.601 0.0226 75736 1287 1715 8.49686
104 8.417 8.608 0.0221 77287 1287 1715 8.98339
106 8.436 8.624 0.0217 78915 1287 1715 9.42938
108 8.417 8.633 0.0249 80490 1582 2010 9.1224
110 8.348 8.567 0.0255 81360 1652 2080 5.03904
112 8.288 8.504 0.0252 82221 1652 2080 4.98691
114 8.237 8.449 0.025 83151 1652 2080 5.38656
116 8.193 8.401 0.0247 84132 1652 2080 5.68195
118 8.154 8.358 0.0244 85147 1652 2080 5.87888
120 8.113 8.314 0.0241 86128 1652 2080 5.68195
122 8.079 8.276 0.0238 87169 1652 2080 6.02947
124 8.048 8.243 0.0235 88239 1652 2080 6.19744
126 8.023 8.215 0.0232 89356 1652 2080 6.46966
128 8.005 8.193 0.0229 90538 1652 2080 6.84614
130 7.991 8.176 0.0226 91759 1652 2080 7.07203
132 7.982 8.164 0.0223 93037 1652 2080 7.40218
134 7.982 8.162 0.022 94419 1652 2080 8.00454
136 7.99 8.167 0.0216 95886 1652 2080 8.49686
138 8 8.174 0.0213 97385 1652 2080 8.68221
140 8.013 8.185 0.021 98929 1652 2080 8.94285
142 8.03 8.2 0.0206 100523 1652 2080 9.23245
144 8.048 8.215 0.0203 102132 1652 2080 9.31933
146 8.068 8.233 0.02 103770 1652 2080 9.4873
148 8.086 8.249 0.0197 105398 1652 2080 9.42938
150 8.107 8.267 0.0194 107060 1652 2080 9.6263
152 8.105 8.275 0.0205 108591 1807 2235 8.86755
154 8.099 8.267 0.0203 109911 1807 2235 7.64544
156 8.094 8.26 0.02 111248 1807 2235 7.7439
158 8.089 8.253 0.0198 112572 1807 2235 7.66861
160 8.087 8.249 0.0196 113944 1807 2235 7.94662
162 8.09 8.25 0.0193 115381 1807 2235 8.3231
164 8.092 8.25 0.0191 116808 1807 2235 8.26518
166 8.098 8.254 0.0188 118290 1807 2235 8.58374
168 8.107 8.261 0.0186 119813 1807 2235 8.82122
170 8.118 8.27 0.0184 121373 1807 2235 9.03552
172 8.129 8.279 0.0181 122936 1807 2235 9.0529
174 8.14 8.289 0.0179 124514 1807 2235 9.13978
176 8.155 8.302 0.0177 126142 1807 2235 9.42938
178 8.172 8.317 0.0174 127807 1807 2235 9.64368
180 8.163 8.314 0.0181 129194 1922 2350 8.0335
182 8.159 8.309 0.018 130548 1922 2350 7.84237
184 8.159 8.306 0.0178 131948 1922 2350 8.1088
186 8.161 8.308 0.0176 133399 1922 2350 8.40419
188 8.166 8.311 0.0174 134889 1922 2350 8.63008
190 8.172 8.315 0.0172 136392 1922 2350 8.70538
192 8.18 8.321 0.017 137933 1922 2350 8.92547
194 8.19 8.331 0.0168 139524 1922 2350 9.21507
196 8.203 8.342 0.0166 141153 1922 2350 9.43517
198 8.217 8.355 0.0164 142812 1922 2350 9.60893
200 8.21 8.353 0.017 144225 2036 2464 8.1841
202 8.205 8.347 0.0169 145555 2036 2464 7.70336
204 8.203 8.343 0.0167 146926 2036 2464 7.94083
206 8.204 8.342 0.0166 148362 2036 2464 8.31731
208 8.207 8.344 0.0164 149832 2036 2464 8.51424
210 8.213 8.349 0.0162 151363 2036 2464 8.86755
212 8.223 8.358 0.0161 152964 2036 2464 9.27299
214 8.234 8.368 0.0159 154591 2036 2464 9.42358
216 8.247 8.379 0.0157 156243 2036 2464 9.56838
218 8.258 8.389 0.0156 157887 2036 2464 9.52205
220 8.271 8.401 0.0154 159553 2036 2464 9.64947
222 8.26 8.396 0.0162 160915 2187 2615 7.8887
224 8.256 8.391 0.0161 162275 2187 2615 7.87712
226 8.255 8.389 0.0159 163670 2187 2615 8.07984
228 8.256 8.389 0.0158 165117 2187 2615 8.38102
230 8.259 8.391 0.0156 166610 2187 2615 8.64746
232 8.264 8.395 0.0155 168140 2187 2615 8.86176
234 8.272 8.401 0.0154 169718 2187 2615 9.13978
236 8.281 8.41 0.0152 171338 2187 2615 9.38304
238 8.293 8.42 0.0151 173003 2187 2615 9.64368
240 8.287 8.422 0.016 174502 2380 2808 8.68221
242 8.283 8.417 0.0159 175856 2380 2808 7.84237
244 8.283 8.417 0.0158 177298 2380 2808 8.35206
246 8.286 8.418 0.0157 178785 2380 2808 8.6127
248 8.292 8.423 0.0155 180333 2380 2808 8.96602
250 8.299 8.429 0.0154 181928 2380 2808 9.23824
252 8.308 8.437 0.0152 183560 2380 2808 9.45254
254 8.317 8.445 0.0151 185188 2380 2808 9.42938
256 8.327 8.454 0.015 186835 2380 2808 9.53942
258 8.329 8.46 0.0155 188434 2494 2922 9.26141
260 8.323 8.453 0.0154 189739 2494 2922 7.55856
262 8.319 8.448 0.0152 191093 2494 2922 7.84237
264 8.317 8.446 0.0151 192488 2494 2922 8.07984
266 8.318 8.445 0.015 193941 2494 2922 8.41578
268 8.322 8.448 0.0149 195467 2494 2922 8.83859
270 8.328 8.453 0.0148 197032 2494 2922 9.06448
272 8.336 8.461 0.0147 198676 2494 2922 9.52205
274 8.332 8.46 0.0151 200124 2608 3036 8.38682
276 8.327 8.455 0.015 201450 2608 3036 7.68019
278 8.327 8.453 0.0149 202880 2608 3036 8.28256
280 8.329 8.455 0.0148 204380 2608 3036 8.688
282 8.335 8.46 0.0147 205961 2608 3036 9.15715
284 8.343 8.467 0.0146 207590 2608 3036 9.43517
286 8.351 8.474 0.0145 209238 2608 3036 9.54522
288 8.36 8.482 0.0143 210903 2608 3036 9.64368
290 8.35 8.476 0.0148 212207 2722 3150 7.55277
292 8.346 8.471 0.0147 213539 2722 3150 7.71494
294 8.343 8.467 0.0146 214916 2722 3150 7.97558
296 8.342 8.465 0.0145 216324 2722 3150 8.15514
298 8.342 8.464 0.0144 217758 2722 3150 8.30573
300 8.343 8.465 0.0143 219240 2722 3150 8.58374
302 8.347 8.468 0.0142 220779 2722 3150 8.91389
304 8.354 8.475 0.0141 222411 2722 3150 9.45254
306 8.352 8.48 0.015 224011 2945 3373 9.2672
308 8.347 8.475 0.0149 225337 2952 3380 7.68019
310 8.344 8.47 0.0149 226689 2952 3380 7.83078
312 8.344 8.469 0.0148 228125 2952 3380 8.31731
314 8.348 8.472 0.0147 229667 2952 3380 8.93126
316 8.355 8.479 0.0146 231303 2952 3380 9.47571
318 8.363 8.486 0.0145 232970 2952 3380 9.65526
320 8.351 8.482 0.0154 234324 3182 3610 7.84237
322 8.343 8.473 0.0153 235530 3182 3610 6.98515
324 8.336 8.465 0.0152 236765 3182 3610 7.15312
326 8.331 8.459 0.0151 238081 3182 3610 7.62227
328 8.331 8.458 0.015 239510 3182 3610 8.27677
330 8.334 8.461 0.0149 241049 3182 3610 8.91389
332 8.34 8.466 0.0148 242654 3182 3610 9.29616
334 8.347 8.472 0.0147 244288 3182 3610 9.46413
336 8.354 8.478 0.0146 245937 3182 3610 9.55101
338 8.346 8.476 0.0153 247335 3369 3797 8.09722
340 8.345 8.474 0.0152 248743 3369 3797 8.15514
342 8.347 8.476 0.0151 250246 3369 3797 8.70538
344 8.352 8.48 0.015 251836 3369 3797 9.20928
346 8.359 8.486 0.0149 253492 3369 3797 9.59155
348 8.351 8.485 0.0157 254902 3594 4022 8.16672
350 8.349 8.482 0.0156 256298 3594 4022 8.08563
352 8.349 8.481 0.0156 257730 3594 4022 8.29414
354 8.35 8.482 0.0155 259205 3594 4022 8.5432
356 8.354 8.484 0.0154 260759 3594 4022 9.00077
358 8.36 8.49 0.0153 262396 3594 4022 9.4815
360 8.355 8.492 0.016 263929 3820 4248 8.87914
362 8.35 8.486 0.016 265199 3820 4248 7.35584
364 8.344 8.479 0.0159 266455 3820 4248 7.27475
366 8.341 8.475 0.0158 267801 3820 4248 7.79603
368 8.34 8.474 0.0157 269217 3820 4248 8.20147
370 8.341 8.474 0.0156 270671 3820 4248 8.42157
372 8.343 8.475 0.0156 272173 3820 4248 8.69958
374 8.346 8.478 0.0155 273732 3820 4248 9.02973
376 8.353 8.484 0.0154 275385 3820 4248 9.57418
378 8.348 8.484 0.016 276865 4007 4435 8.57216
380 8.346 8.482 0.0159 278243 4007 4435 7.98138
382 8.346 8.481 0.0158 279683 4007 4435 8.34048
384 8.348 8.482 0.0157 281175 4007 4435 8.64166
386 8.352 8.485 0.0156 282740 4007 4435 9.06448
388 8.357 8.489 0.0155 284367 4007 4435 9.42358
390 8.363 8.495 0.0155 286013 4007 4435 9.53363
392 8.355 8.49 0.0159 287331 4169 4597 7.63386
394 8.353 8.488 0.0159 288709 4169 4597 7.98138
396 8.353 8.488 0.0158 290167 4169 4597 8.44474
398 8.352 8.485 0.0157 291555 4169 4597 8.0393
400 8.349 8.483 0.0156 292922 4169 4597 7.91766
402 8.349 8.481 0.0156 294346 4169 4597 8.24781
404 8.35 8.482 0.0155 295827 4169 4597 8.57795
406 8.353 8.484 0.0154 297372 4169 4597 8.94864
408 8.356 8.487 0.0153 298931 4169 4597 9.02973
410 8.36 8.49 0.0152 300523 4169 4597 9.22086
412 8.366 8.495 0.0152 302164 4169 4597 9.50467
414 8.361 8.492 0.0155 303530 4283 4711 7.91187
416 8.359 8.491 0.0154 304928 4283 4711 8.09722
418 8.359 8.489 0.0153 306345 4283 4711 8.20726
420 8.359 8.489 0.0153 307798 4283 4711 8.41578
422 8.361 8.49 0.0152 309319 4283 4711 8.80963
424 8.365 8.493 0.0151 310889 4283 4711 9.09344
426 8.37 8.498 0.015 312519 4283 4711 9.44096
428 8.369 8.5 0.0154 314078 4431 4859 9.02973
430 8.365 8.496 0.0154 315397 4431 4859 7.63965
432 8.363 8.494 0.0153 316767 4431 4859 7.93504
434 8.364 8.493 0.0152 318224 4431 4859 8.43894
436 8.366 8.495 0.0151 319741 4431 4859 8.78646
438 8.368 8.496 0.0151 321278 4431 4859 8.9023
440 8.372 8.5 0.015 322860 4431 4859 9.16294
442 8.377 8.504 0.0149 324500 4431 4859 9.49888
444 8.374 8.505 0.0153 326020 4592 5020 8.80384
446 8.371 8.501 0.0153 327333 4592 5020 7.6049
448 8.369 8.499 0.0152 328706 4592 5020 7.95242
450 8.368 8.497 0.0152 330108 4592 5020 8.12038
452 8.369 8.497 0.0151 331583 4592 5020 8.5432
454 8.371 8.499 0.015 333124 4592 5020 8.92547
456 8.375 8.502 0.0149 334709 4592 5020 9.18032
458 8.379 8.506 0.0149 336333 4592 5020 9.40621
460 8.373 8.503 0.0153 337689 4749 5177 7.85395
462 8.37 8.5 0.0152 339020 4749 5177 7.70915
464 8.369 8.498 0.0152 340425 4749 5177 8.13776
466 8.369 8.498 0.0151 341861 4749 5177 8.31731
468 8.37 8.498 0.015 343352 4749 5177 8.63587
470 8.373 8.5 0.015 344904 4749 5177 8.98918
472 8.377 8.504 0.0149 346540 4749 5177 9.47571
474 8.376 8.507 0.0153 348096 4906 5334 9.01235
476 8.373 8.503 0.0152 349430 4906 5334 7.72653
478 8.372 8.502 0.0152 350831 4906 5334 8.11459
480 8.373 8.502 0.0151 352310 4906 5334 8.56637
482 8.376 8.504 0.015 353869 4906 5334 9.02973
484 8.38 8.507 0.015 355473 4906 5334 9.29037
486 8.384 8.512 0.0149 357117 4906 5334 9.52205
488 8.377 8.508 0.0154 358442 5101 5529 7.6744
490 8.375 8.505 0.0153 359799 5101 5529 7.85974
492 8.374 8.504 0.0153 361195 5101 5529 8.08563
494 8.373 8.503 0.0152 362637 5101 5529 8.35206
496 8.375 8.504 0.0151 364141 5101 5529 8.71117
498 8.378 8.506 0.0151 365706 5101 5529 9.06448
500 8.382 8.51 0.015 367332 5101 5529 9.41779
502 8.381 8.512 0.0154 368883 5255 5683 8.98339
504 8.378 8.508 0.0153 370201 5255 5683 7.63386
506 8.376 8.506 0.0152 371575 5255 5683 7.95821
508 8.376 8.506 0.0152 373025 5255 5683 8.3984
510 8.378 8.507 0.0151 374556 5255 5683 8.86755
512 8.381 8.51 0.0151 376147 5255 5683 9.21507
514 8.385 8.513 0.015 377768 5255 5683 9.38883
516 8.38 8.51 0.0152 379078 5366 5794 7.58752
518 8.377 8.506 0.0152 380403 5366 5794 7.6744
520 8.375 8.504 0.0151 381774 5366 5794 7.94083
522 8.374 8.503 0.0151 383169 5366 5794 8.07984
524 8.374 8.502 0.015 384605 5366 5794 8.31731
526 8.374 8.502 0.015 386069 5366 5794 8.47949
528 8.376 8.503 0.0149 387611 5366 5794 8.93126
530 8.38 8.506 0.0148 389213 5366 5794 9.27878
532 8.383 8.51 0.0148 390830 5366 5794 9.36566
534 8.388 8.513 0.0147 392469 5366 5794 9.49309
536 8.381 8.51 0.0151 393778 5520 5948 7.58173
538 8.379 8.507 0.015 395128 5520 5948 7.8192
540 8.379 8.506 0.0149 396547 5520 5948 8.21885
542 8.38 8.507 0.0149 398047 5520 5948 8.688
544 8.381 8.508 0.0148 399577 5520 5948 8.86176
546 8.384 8.511 0.0148 401161 5520 5948 9.17453
548 8.388 8.514 0.0147 402793 5520 5948 9.45254
550 8.388 8.516 0.015 404374 5671 6099 9.15715
552 8.385 8.513 0.015 405661 5671 6099 7.4543
554 8.382 8.509 0.0149 406987 5671 6099 7.68019
556 8.379 8.506 0.0149 408311 5671 6099 7.66861
558 8.378 8.505 0.0148 409691 5671 6099 7.99296
560 8.378 8.504 0.0148 411132 5671 6099 8.34627
562 8.379 8.505 0.0147 412629 5671 6099 8.67062
564 8.381 8.506 0.0147 414176 5671 6099 8.96022
566 8.384 8.509 0.0146 415755 5671 6099 9.14557
568 8.386 8.511 0.0146 417337 5671 6099 9.16294
570 8.388 8.512 0.0145 418854 5671 6099 8.78646
572 8.389 8.512 0.0145 420356 5671 6099 8.69958
574 8.391 8.514 0.0144 421897 5671 6099 8.92547
576 8.393 8.516 0.0144 423455 5671 6099 9.02394
578 8.396 8.518 0.0143 425050 5671 6099 9.23824
580 8.399 8.521 0.0142 426658 5671 6099 9.31354
582 8.402 8.524 0.0142 428281 5695 6123 9.40042
584 8.397 8.521 0.0144 429589 5785 6213 7.57594
586 8.396 8.519 0.0144 430952 5785 6213 7.8945
588 8.395 8.517 0.0143 432352 5785 6213 8.1088
590 8.394 8.516 0.0143 433783 5785 6213 8.28835
592 8.395 8.516 0.0142 435248 5785 6213 8.48528
594 8.396 8.517 0.0142 436746 5785 6213 8.67642
596 8.398 8.518 0.0141 438304 5785 6213 9.02394
598 8.401 8.521 0.0141 439911 5785 6213 9.30774
