0-Time  1-AverageGoodput  2-AverageThroughput  3-AveragePlr  4-AccumAggregTxPkts  5-AccumAggregLostPkts  6-AccumRetransPkts  7-Instantanous Throughput 
0.001 0 0 0 0 0 0 0
2 12.232 12.232 0 2112 0 0 12.2388
4 11.326 11.326 0 3911 0 0 10.4198
6 10.925 10.925 0 5659 0 0 10.1244
8 10.783 10.783 0 7447 0 0 10.3561
10 10.938 10.938 0 9443 0 0 11.5608
12 11.277 11.277 0 11683 0 0 12.9741
14 10.837 11.228 0.0347 13570 306 472 10.9295
16 9.491 10.986 0.136 15175 1699 2065 9.29616
18 8.977 11.076 0.1895 17212 2885 3262 11.7983
20 8.575 10.599 0.1909 18301 3017 3495 6.30749
22 7.849 10.509 0.2531 19960 4078 5052 9.60893
24 8.052 10.505 0.2334 21765 4108 5082 10.4546
26 8.218 10.482 0.2159 23528 4108 5082 10.2113
28 8.336 10.439 0.2014 25233 4108 5082 9.87536
30 8.435 10.397 0.1887 26928 4108 5082 9.81744
32 8.543 10.383 0.1771 28683 4108 5082 10.165
34 8.682 10.414 0.1662 30567 4108 5082 10.9121
36 8.841 10.478 0.1561 32564 4112 5086 11.5666
38 8.387 10.294 0.1852 33769 4894 6255 6.97936
40 8.023 10.402 0.2286 35921 6590 8215 12.4644
42 8.081 10.346 0.2189 37515 6590 8215 9.23245
44 8.179 10.343 0.2092 39288 6594 8220 10.2692
46 8.209 10.343 0.2062 41072 6704 8472 10.3329
48 8.071 10.232 0.2111 42401 7009 8955 7.69757
50 7.759 10.213 0.2402 44084 8384 10591 9.74794
52 7.637 10.241 0.2542 45973 8702 11689 10.9411
54 7.586 10.185 0.2551 47479 9128 12116 8.72275
56 7.648 10.207 0.2506 49346 9351 12369 10.8137
58 7.779 10.25 0.241 51321 9351 12369 11.4392
60 7.874 10.264 0.2328 53166 9363 12381 10.6862
62 7.638 10.168 0.2488 54424 10336 13541 7.28634
64 7.479 10.224 0.2684 56488 11933 15165 11.9547
66 7.584 10.246 0.2598 58380 11934 15168 10.9585
68 7.619 10.218 0.2543 59986 12021 15256 9.30195
70 7.412 10.145 0.2693 61307 13263 16512 7.65123
72 7.284 10.155 0.2826 63122 14518 17843 10.5125
74 7.371 10.164 0.2748 64930 14518 17843 10.4719
76 7.437 10.156 0.2677 66637 14518 17843 9.88694
78 7.498 10.148 0.2611 68333 14518 17843 9.82323
80 7.562 10.146 0.2546 70073 14518 17843 10.0781
82 7.642 10.163 0.248 71945 14518 17843 10.8426
84 7.628 10.134 0.2472 73488 14576 18172 8.93706
86 7.452 10.105 0.2624 75021 16014 19693 8.87914
88 7.365 10.14 0.2736 77032 17001 21081 11.6477
90 7.391 10.106 0.2685 78517 17007 21087 8.60112
92 7.427 10.11 0.2653 80301 17115 21308 10.3329
94 7.457 10.12 0.2631 82121 17375 21609 10.5414
96 7.552 10.16 0.2566 84202 17375 21609 12.0532
98 7.429 10.087 0.2634 85339 18051 22486 6.5855
100 7.286 10.116 0.2797 87330 19891 24428 11.5319
102 7.214 10.09 0.285 88851 20042 25325 8.80963
104 7.227 10.063 0.2818 90351 20182 25465 8.688
106 7.29 10.073 0.2762 92174 20182 25465 10.5588
108 7.358 10.089 0.2707 94066 20182 25465 10.9585
110 7.44 10.122 0.2649 96120 20182 25465 11.8968
112 7.456 10.121 0.2633 97863 20483 25770 10.0955
114 7.327 10.099 0.2745 99392 21331 27284 8.85597
116 7.276 10.151 0.2832 101653 22510 28791 13.0957
118 7.242 10.087 0.282 102756 22694 28980 6.38858
120 7.155 10.082 0.2903 104450 23867 30329 9.81165
122 7.206 10.097 0.2863 106347 23983 30454 10.9874
124 7.259 10.119 0.2826 108324 24055 30618 11.4508
126 7.312 10.126 0.2779 110152 24055 30618 10.5878
128 7.363 10.134 0.2734 111983 24056 30620 10.6052
130 7.251 10.087 0.2811 113210 24741 31834 7.10678
132 7.17 10.11 0.2907 115210 26247 33497 11.584
134 7.236 10.132 0.2858 117206 26249 33499 11.5608
136 7.241 10.109 0.2837 118692 26423 33673 8.60691
138 7.138 10.089 0.2925 120195 27751 35158 8.70538
140 7.083 10.109 0.2992 122174 28747 36564 11.4624
142 7.098 10.081 0.2958 123582 28747 36564 8.15514
144 7.143 10.084 0.2916 125365 28747 36564 10.3271
146 7.193 10.094 0.2873 127230 28747 36564 10.8021
148 7.255 10.117 0.2828 129265 28747 36564 11.7867
150 7.232 10.099 0.2839 130783 29032 37136 8.79226
152 7.136 10.093 0.2928 132438 30446 38791 9.58576
154 7.13 10.098 0.2939 134254 31116 39464 10.5183
156 7.181 10.112 0.2897 136179 31116 39464 11.1496
158 7.168 10.088 0.2894 137598 31438 39822 8.21885
160 7.079 10.072 0.2971 139128 32591 41338 8.86176
162 7.046 10.088 0.3015 141087 33374 42539 11.3465
164 7.066 10.071 0.2983 142580 33374 42539 8.64746
166 7.1 10.069 0.2948 144292 33374 42539 9.9159
168 7.139 10.073 0.2911 146087 33374 42539 10.3966
170 7.185 10.083 0.2874 147984 33374 42539 10.9874
172 7.188 10.081 0.2869 149696 33673 42961 9.9159
174 7.106 10.067 0.2941 151228 34912 44482 8.87334
176 7.071 10.088 0.299 153273 35839 45831 11.8446
178 7.08 10.063 0.2964 154629 35839 45833 7.85395
180 7.093 10.06 0.2949 156329 36109 46103 9.8464
182 7.132 10.068 0.2916 158196 36148 46142 10.8137
184 7.173 10.078 0.2882 160083 36148 46142 10.9295
186 7.158 10.06 0.2884 161537 36586 46589 8.42157
188 7.082 10.06 0.2959 163278 37746 48330 10.0839
190 7.073 10.068 0.2974 165145 38514 49120 10.8137
192 7.075 10.088 0.2986 167205 38514 49932 11.9315
194 7.025 10.044 0.3006 168220 38827 50568 5.87888
196 6.962 10.057 0.3076 170166 40144 52356 11.2712
198 6.981 10.044 0.3049 171691 40148 52360 8.8328
200 7.012 10.045 0.3018 173437 40148 52360 10.1128
202 7.044 10.047 0.2988 175206 40148 52360 10.246
204 7.081 10.054 0.2957 177060 40148 52360 10.7384
206 7.126 10.07 0.2923 179084 40148 52360 11.723
208 7.137 10.065 0.2909 180739 40150 52583 9.58576
210 7.069 10.069 0.2978 182543 41460 54378 10.4488
212 7.019 10.059 0.3021 184106 42708 55634 9.0529
214 7.054 10.065 0.2991 185955 42711 55637 10.7094
216 7.09 10.074 0.2961 187854 42711 55637 10.999
218 7.082 10.063 0.2962 189395 43182 56117 8.92547
220 7.017 10.053 0.3019 190929 44556 57649 8.88493
222 7 10.063 0.3043 192868 45359 58705 11.2307
224 7.018 10.054 0.3019 194431 45359 58705 9.0529
226 7.049 10.058 0.2991 196232 45359 58705 10.4314
228 7.081 10.064 0.2963 198094 45359 58705 10.7847
230 7.069 10.048 0.2963 199505 45678 59132 8.17251
232 7.008 10.06 0.3033 201494 46864 61121 11.5203
234 6.983 10.045 0.3048 202915 47348 61855 8.23043
236 6.982 10.034 0.3042 204442 47471 62194 8.84438
238 6.969 10.026 0.3048 205993 47793 62805 8.98339
240 6.998 10.029 0.3022 207797 47798 62810 10.4488
242 7.032 10.038 0.2994 209720 47798 62810 11.138
244 7.07 10.052 0.2966 211738 47798 62810 11.6883
246 7.113 10.071 0.2936 213881 47798 62810 12.4123
248 7.068 10.044 0.2962 215036 48573 63708 6.68976
250 7.013 10.058 0.3027 217086 50565 65721 11.8736
252 6.994 10.092 0.3069 219560 50952 67392 14.3294
254 6.98 10.074 0.307 220903 50962 67836 7.77866
256 6.927 10.072 0.3122 222601 52495 69506 9.83482
258 6.883 10.052 0.3153 223899 53072 70598 7.51802
260 6.909 10.055 0.3128 225694 53075 70601 10.3966
262 6.932 10.054 0.3104 227407 53075 70601 9.9217
264 6.958 10.056 0.308 229189 53075 70601 10.3213
266 6.991 10.065 0.3054 231135 53075 70601 11.2712
268 7.029 10.081 0.3026 233238 53075 70601 12.1806
270 7.033 10.075 0.3019 234850 53081 70915 9.3367
272 6.981 10.09 0.308 236933 54832 72998 12.0647
274 6.966 10.08 0.3089 238447 55464 73668 8.76909
276 6.972 10.064 0.3072 239798 55464 73668 7.82499
278 6.998 10.068 0.3048 241630 55464 73668 10.6109
280 7.028 10.075 0.3024 243548 55464 73668 11.1091
282 7.062 10.088 0.2999 245601 55464 73668 11.891
284 7.034 10.068 0.3013 246835 56151 74383 7.14733
286 6.984 10.074 0.3066 248735 58039 76283 11.0048
288 6.963 10.062 0.3079 250180 58303 77042 8.36944
290 6.957 10.056 0.3081 251768 58767 77590 9.1977
292 6.97 10.062 0.3072 253643 59116 77944 10.86
294 6.993 10.066 0.3052 255494 59165 77993 10.721
296 7.017 10.07 0.3032 257337 59200 78028 10.6747
298 7.044 10.079 0.301 259298 59237 78065 11.3581
300 7.077 10.093 0.2987 261388 59257 78085 12.1053
302 7.051 10.079 0.3003 262767 59355 78923 7.98717
304 7.007 10.084 0.3051 264637 60895 80747 10.831
306 7.019 10.088 0.3042 266488 61207 81069 10.721
308 7.042 10.091 0.3021 268321 61209 81071 10.6167
310 7.006 10.07 0.3042 269496 61421 81984 6.8056
312 6.965 10.071 0.3084 271260 62757 83664 10.2171
314 6.99 10.077 0.3063 273151 62762 83675 10.9527
316 7.011 10.078 0.3043 274936 62762 83675 10.3387
318 7.032 10.08 0.3023 276719 62762 83675 10.3271
320 7.014 10.065 0.3031 278040 63365 84278 7.65123
322 6.97 10.061 0.3072 279689 64943 85927 9.55101
324 6.957 10.056 0.3081 281266 65170 86669 9.13398
326 6.979 10.059 0.3061 283099 65170 86669 10.6167
328 7 10.061 0.3042 284898 65170 86669 10.4198
330 7.025 10.067 0.3021 286804 65170 86669 11.0396
332 7.054 10.078 0.3 288865 65170 86669 11.9373
334 7.022 10.055 0.3015 289915 65467 87426 6.0816
336 6.981 10.065 0.3064 291965 67030 89476 11.8736
338 6.975 10.086 0.3084 294297 67242 90773 13.5069
340 6.974 10.072 0.3075 295629 67254 90923 7.71494
342 6.934 10.059 0.3106 297005 68592 92266 7.96979
344 6.926 10.064 0.3117 298872 69423 93174 10.8137
346 6.946 10.065 0.3099 300651 69423 93174 10.304
348 6.964 10.066 0.3081 302405 69423 93174 10.1592
350 6.984 10.067 0.3063 304191 69423 93174 10.3445
352 7.006 10.072 0.3044 306073 69423 93174 10.9005
354 7.033 10.082 0.3023 308119 69423 93174 11.8504
356 7.003 10.064 0.3041 309311 69981 94089 6.90406
358 6.964 10.07 0.3084 311227 71857 95994 11.0975
360 6.978 10.071 0.3071 312983 71978 96119 10.1708
362 6.998 10.074 0.3053 314817 71978 96119 10.6225
364 7.017 10.076 0.3035 316640 71978 96119 10.5588
366 6.991 10.059 0.305 317845 72317 96957 6.97936
368 6.953 10.063 0.309 319709 73712 98814 10.7963
370 6.948 10.055 0.309 321193 73734 99258 8.59533
372 6.967 10.058 0.3072 323004 73734 99258 10.4893
374 6.987 10.062 0.3055 324870 73734 99258 10.8079
376 7.013 10.071 0.3036 326898 73734 99258 11.7462
378 7.013 10.067 0.3033 328514 74021 99653 9.35987
380 6.976 10.062 0.3066 330085 75223 101219 9.09923
382 6.967 10.069 0.308 332051 76275 102285 11.3871
384 6.982 10.068 0.3064 333764 76279 102289 9.9217
386 7 10.07 0.3048 335562 76279 102289 10.414
388 6.979 10.055 0.3059 336816 76517 103038 7.26317
390 6.943 10.051 0.3091 338412 77725 104634 9.24403
392 6.942 10.059 0.3097 340399 78015 105451 11.5087
394 6.933 10.045 0.3098 341681 78286 105869 7.42534
396 6.937 10.047 0.3095 343474 78550 106309 10.3851
398 6.949 10.056 0.3089 345522 78552 106747 11.862
400 6.965 10.058 0.3075 347328 78628 106823 10.4604
402 6.949 10.049 0.3084 348734 78825 107557 8.14355
404 6.939 10.057 0.31 350779 80021 108772 11.8446
406 6.964 10.068 0.3082 352896 80042 108797 12.2617
408 6.986 10.077 0.3067 354935 80047 108866 11.8099
410 6.97 10.065 0.3074 356249 80371 109524 7.61069
412 6.937 10.072 0.3112 358242 82161 111517 11.5435
414 6.929 10.071 0.3119 359953 82635 112299 9.91011
416 6.927 10.063 0.3116 361386 82930 112619 8.29994
418 6.915 10.064 0.3128 363158 83302 113617 10.2634
420 6.933 10.068 0.3113 365035 83321 113636 10.8716
422 6.951 10.071 0.3097 366890 83321 113636 10.7442
424 6.97 10.075 0.3081 368771 83327 113642 10.8948
426 6.942 10.06 0.3099 369965 84358 114673 6.91565
428 6.916 10.067 0.313 371984 85859 116449 11.694
430 6.929 10.066 0.3116 373672 85859 116449 9.7769
432 6.945 10.068 0.3101 375469 85859 116449 10.4082
434 6.96 10.068 0.3087 377211 85859 116449 10.0897
436 6.96 10.064 0.3083 378810 85862 116817 9.26141
438 6.929 10.054 0.3108 380152 87106 118158 7.77286
440 6.909 10.06 0.3132 382135 87838 119705 11.4855
442 6.915 10.053 0.3121 383610 87893 119760 8.5432
444 6.922 10.054 0.3114 385369 87959 120022 10.1881
446 6.938 10.057 0.3101 387231 88035 120098 10.7847
448 6.956 10.062 0.3086 389147 88035 120098 11.0975
450 6.977 10.069 0.307 391164 88035 120098 11.6825
452 6.95 10.053 0.3086 392283 89012 121088 6.48125
454 6.92 10.057 0.3118 394170 90805 122928 10.9295
456 6.936 10.059 0.3104 395972 90810 122933 10.4372
458 6.952 10.062 0.309 397833 90810 122933 10.7789
460 6.97 10.066 0.3075 399725 90810 122933 10.9585
462 6.954 10.05 0.3081 400855 91378 123505 6.54496
464 6.924 10.052 0.3112 402663 93073 125313 10.4719
466 6.934 10.057 0.3105 404589 93406 125648 11.1554
468 6.948 10.058 0.3092 406364 93406 125648 10.2808
470 6.961 10.057 0.3078 408084 93406 125648 9.96224
472 6.96 10.049 0.3073 409486 93610 125856 8.12038
474 6.932 10.042 0.3096 410910 94550 127231 8.24781
476 6.924 10.047 0.3108 412848 95337 128315 11.2249
478 6.934 10.043 0.3096 414440 95337 128315 9.22086
480 6.946 10.043 0.3083 416167 95337 128315 10.0028
482 6.96 10.044 0.307 417941 95337 128315 10.275
484 6.977 10.048 0.3056 419832 95337 128315 10.9527
486 6.981 10.046 0.3051 421503 95529 128613 9.67843
488 6.952 10.045 0.3078 423173 96175 130283 9.67264
490 6.94 10.041 0.3088 424744 97028 131175 9.09923
492 6.95 10.039 0.3076 426383 97028 131175 9.49309
494 6.964 10.04 0.3063 428177 97028 131175 10.3908
496 6.979 10.043 0.305 430034 97028 131175 10.7557
498 6.998 10.05 0.3036 432054 97028 131175 11.6998
500 6.987 10.04 0.304 433394 97637 131788 7.76128
502 6.959 10.043 0.307 435247 99430 133636 10.7326
504 6.965 10.049 0.3068 437232 99948 134165 11.4971
506 6.981 10.052 0.3055 439110 99948 134165 10.8774
508 6.955 10.039 0.3071 440260 100540 135222 6.6608
510 6.93 10.041 0.3098 442079 102068 136973 10.5356
512 6.945 10.044 0.3085 443962 102070 136975 10.9063
514 6.957 10.044 0.3073 445675 102070 136975 9.9217
516 6.968 10.043 0.3061 447367 102070 136975 9.80006
518 6.98 10.043 0.3049 449100 102070 136975 10.0375
520 6.994 10.046 0.3037 450973 102070 136975 10.8484
522 6.975 10.034 0.3048 452164 102754 137846 6.89827
524 6.948 10.034 0.3075 453905 104450 139587 10.0839
526 6.956 10.037 0.307 455795 104636 139934 10.9469
528 6.969 10.039 0.3057 457600 104636 139934 10.4546
530 6.982 10.04 0.3046 459381 104636 139934 10.3156
532 6.969 10.032 0.3052 460733 105139 140633 7.83078
534 6.943 10.032 0.3078 462476 106549 142375 10.0955
536 6.945 10.031 0.3075 464152 106934 142764 9.70739
538 6.958 10.032 0.3063 465946 106934 142764 10.3908
540 6.971 10.033 0.3052 467742 106934 142764 10.4024
542 6.985 10.036 0.304 469588 106934 142764 10.692
544 6.994 10.035 0.3029 471282 106937 142790 9.81165
546 6.971 10.024 0.3045 472489 107474 143907 6.99094
548 6.946 10.03 0.3074 474508 108910 145884 11.694
550 6.958 10.031 0.3063 476268 108910 145885 10.1939
552 6.971 10.032 0.3051 478073 108910 145885 10.4546
554 6.979 10.03 0.3041 479706 108916 145892 9.45834
556 6.955 10.021 0.3059 480991 109510 147140 7.44272
558 6.94 10.026 0.3078 482984 110855 148679 11.5435
560 6.945 10.021 0.3069 484468 110855 148691 8.59533
562 6.957 10.022 0.3058 486222 110855 148691 10.1592
564 6.97 10.024 0.3046 488050 110855 148691 10.5878
566 6.985 10.028 0.3034 490013 110855 148691 11.3697
568 6.988 10.026 0.3029 491609 110990 148940 9.24403
570 6.964 10.025 0.3053 493313 112142 150642 9.86957
572 6.962 10.03 0.3059 495311 113013 151523 11.5724
574 6.971 10.029 0.3048 496988 113013 151523 9.71318
576 6.971 10.027 0.3047 498587 113241 151960 9.26141
578 6.971 10.026 0.3046 500273 113412 152418 9.76531
580 6.979 10.029 0.3041 502170 113560 152734 10.9874
582 6.972 10.023 0.3043 503598 113703 153294 8.27098
584 6.949 10.023 0.3066 505317 115038 154953 9.95645
586 6.952 10.027 0.3066 507244 115604 155553 11.1612
588 6.963 10.028 0.3055 509032 115604 155553 10.3561
590 6.964 10.024 0.3051 510549 115858 155807 8.78646
592 6.942 10.016 0.3068 511879 117071 157070 7.70336
594 6.931 10.025 0.3085 514080 118129 158628 12.7482
596 6.935 10.018 0.3077 515468 118129 158628 8.0393
598 6.932 10.014 0.3078 517001 118500 159146 8.87914
