0-Time  1-AverageGoodput  2-AverageThroughput  3-AveragePlr  4-AccumAggregTxPkts  5-AccumAggregLostPkts  6-AccumRetransPkts  7-Instantanous Throughput 
0.001 0 0 0 0 0 0 0
2 9.458 9.458 0 1633 0 0 9.46307
4 11.98 11.98 0 4137 0 0 14.5032
6 8.805 10.954 0.1961 5674 882 1113 8.9023
8 8.404 10.528 0.2017 7271 1126 1467 9.24982
10 8.653 10.352 0.1641 8937 1126 1467 9.64947
12 8.824 10.24 0.1382 10608 1126 1467 9.67843
14 8.944 10.158 0.1194 12277 1126 1467 9.66685
16 9.036 10.098 0.1051 13948 1126 1467 9.67843
18 9.105 10.049 0.0939 15615 1126 1467 9.65526
20 9.162 10.012 0.0848 17287 1126 1467 9.68422
22 9.209 9.982 0.0773 18958 1126 1467 9.67843
24 9.248 9.956 0.0711 20628 1126 1467 9.67264
26 9.279 9.932 0.0658 22294 1126 1467 9.64947
28 9.308 9.915 0.0612 23967 1126 1467 9.69002
30 9.33 9.897 0.0572 25632 1126 1467 9.64368
32 9.353 9.884 0.0537 27305 1126 1467 9.69002
34 9.371 9.871 0.0506 28973 1126 1467 9.66106
36 9.388 9.86 0.0478 30643 1126 1467 9.67264
38 9.404 9.851 0.0453 32316 1126 1467 9.69002
40 9.417 9.842 0.0431 33986 1126 1467 9.67264
42 9.428 9.833 0.0411 35652 1126 1467 9.64947
44 9.44 9.826 0.0393 37324 1126 1467 9.68422
46 9.449 9.818 0.0376 38991 1126 1467 9.65526
48 9.459 9.813 0.036 40662 1126 1467 9.67843
50 9.467 9.807 0.0346 42330 1126 1467 9.66106
52 9.475 9.801 0.0333 44000 1126 1467 9.67264
54 9.481 9.796 0.0321 45667 1126 1467 9.65526
56 9.488 9.792 0.0309 47339 1126 1467 9.68422
58 9.494 9.787 0.0299 49007 1126 1467 9.66106
60 9.501 9.784 0.0289 50679 1126 1467 9.68422
62 9.506 9.78 0.028 52346 1126 1467 9.65526
64 9.511 9.776 0.0271 54015 1126 1467 9.66685
66 9.516 9.773 0.0263 55686 1126 1467 9.67843
68 9.52 9.77 0.0255 57352 1126 1467 9.64947
70 9.524 9.767 0.0248 59022 1126 1467 9.67264
72 9.528 9.764 0.0241 60689 1126 1467 9.65526
74 9.532 9.761 0.0235 62360 1126 1467 9.67843
76 9.535 9.759 0.0229 64029 1126 1467 9.66685
78 9.538 9.756 0.0223 65697 1126 1467 9.66106
80 9.542 9.754 0.0217 67366 1126 1467 9.66685
82 9.545 9.752 0.0212 69036 1126 1467 9.67264
84 9.547 9.75 0.0207 70702 1126 1467 9.64947
86 9.55 9.748 0.0202 72371 1126 1467 9.66685
88 9.553 9.746 0.0198 74040 1126 1467 9.66685
90 9.555 9.744 0.0193 75709 1126 1467 9.66685
92 9.558 9.742 0.0189 77378 1126 1467 9.66685
94 9.56 9.741 0.0185 79047 1126 1467 9.66685
96 9.562 9.739 0.0181 80718 1126 1467 9.67843
98 9.564 9.738 0.0178 82383 1126 1467 9.64368
100 9.566 9.736 0.0174 84054 1126 1467 9.67843
102 9.568 9.735 0.0171 85720 1126 1467 9.64947
104 9.57 9.734 0.0167 87391 1126 1467 9.67843
106 9.572 9.732 0.0164 89060 1126 1467 9.66685
108 9.574 9.731 0.0161 90729 1126 1467 9.66685
110 9.575 9.73 0.0158 92399 1126 1467 9.67264
112 9.577 9.729 0.0155 94066 1126 1467 9.65526
114 9.578 9.727 0.0153 95733 1126 1467 9.65526
116 9.58 9.726 0.015 97403 1126 1467 9.67264
118 9.581 9.725 0.0148 99072 1126 1467 9.66685
120 9.583 9.724 0.0145 100740 1126 1467 9.66106
122 9.584 9.723 0.0143 102408 1126 1467 9.66106
124 9.585 9.722 0.014 104077 1126 1467 9.66685
126 9.586 9.721 0.0138 105743 1126 1467 9.64947
128 9.588 9.72 0.0136 107414 1126 1467 9.67843
130 9.589 9.72 0.0134 109084 1126 1467 9.67264
132 9.59 9.719 0.0132 110754 1126 1467 9.67264
134 9.591 9.718 0.013 112417 1126 1467 9.6321
136 9.592 9.717 0.0128 114087 1126 1467 9.67264
138 9.593 9.716 0.0126 115757 1126 1467 9.67264
140 9.594 9.716 0.0124 117425 1126 1467 9.66106
142 9.595 9.715 0.0123 119091 1126 1467 9.64947
144 9.596 9.714 0.0121 120760 1126 1467 9.66685
146 9.597 9.713 0.0119 122428 1126 1467 9.66106
148 9.598 9.713 0.0118 124096 1126 1467 9.66106
150 9.599 9.712 0.0116 125764 1126 1467 9.66106
152 9.599 9.711 0.0115 127432 1126 1467 9.66106
154 9.6 9.71 0.0113 129099 1126 1467 9.65526
156 9.601 9.71 0.0112 130770 1126 1467 9.67843
158 9.589 9.702 0.0117 132339 1187 1549 9.08765
160 9.57 9.693 0.0126 133883 1317 1699 8.94285
162 9.571 9.692 0.0125 135550 1317 1699 9.65526
164 9.572 9.692 0.0123 137220 1317 1699 9.67264
166 9.573 9.691 0.0122 138886 1317 1699 9.64947
168 9.574 9.691 0.012 140558 1317 1699 9.68422
170 9.575 9.691 0.0119 142223 1317 1699 9.64368
172 9.576 9.691 0.0118 143895 1317 1699 9.68422
174 9.577 9.69 0.0116 145564 1317 1699 9.66685
176 9.578 9.69 0.0115 147231 1317 1699 9.65526
178 9.579 9.69 0.0114 148903 1317 1699 9.68422
180 9.58 9.689 0.0112 150569 1317 1699 9.64947
182 9.581 9.689 0.0111 152239 1317 1699 9.67264
184 9.582 9.689 0.011 153908 1317 1699 9.66685
186 9.583 9.689 0.0109 155577 1317 1699 9.66685
188 9.584 9.689 0.0108 157247 1317 1699 9.67264
190 9.585 9.688 0.0106 158916 1317 1699 9.66685
192 9.586 9.688 0.0105 160585 1317 1699 9.66685
194 9.586 9.688 0.0104 162253 1317 1699 9.66106
196 9.587 9.688 0.0103 163923 1317 1699 9.67264
198 9.588 9.687 0.0102 165589 1317 1699 9.64947
200 9.589 9.687 0.0101 167259 1317 1699 9.67264
202 9.589 9.687 0.01 168927 1317 1699 9.66106
204 9.59 9.687 0.0099 170597 1317 1699 9.67264
206 9.591 9.687 0.0098 172268 1317 1699 9.67843
208 9.592 9.686 0.0097 173935 1317 1699 9.65526
210 9.592 9.686 0.0096 175601 1317 1699 9.64947
212 9.593 9.686 0.0095 177270 1317 1699 9.66685
214 9.594 9.686 0.0094 178941 1317 1699 9.67843
216 9.594 9.685 0.0094 180609 1317 1699 9.66106
218 9.595 9.685 0.0093 182276 1317 1699 9.65526
220 9.596 9.685 0.0092 183945 1317 1699 9.66685
222 9.596 9.685 0.0091 185615 1317 1699 9.67264
224 9.597 9.685 0.009 187281 1317 1699 9.64947
226 9.598 9.685 0.0089 188953 1317 1699 9.68422
228 9.598 9.684 0.0089 190621 1317 1699 9.66106
230 9.599 9.684 0.0088 192289 1317 1699 9.66106
232 9.599 9.684 0.0087 193958 1317 1699 9.66685
234 9.6 9.684 0.0086 195627 1317 1699 9.66685
236 9.6 9.684 0.0086 197296 1317 1699 9.66685
238 9.601 9.683 0.0085 198963 1317 1699 9.65526
240 9.601 9.683 0.0084 200632 1317 1699 9.66685
242 9.602 9.683 0.0083 202298 1317 1699 9.64947
244 9.602 9.683 0.0083 203971 1317 1699 9.69002
246 9.603 9.683 0.0082 205639 1317 1699 9.66106
248 9.603 9.683 0.0081 207306 1317 1699 9.65526
250 9.604 9.682 0.0081 208973 1317 1699 9.65526
252 9.604 9.682 0.008 210644 1317 1699 9.67843
254 9.605 9.682 0.008 212311 1317 1699 9.65526
256 9.605 9.682 0.0079 213980 1317 1699 9.66685
258 9.606 9.682 0.0078 215648 1317 1699 9.66106
260 9.606 9.682 0.0078 217313 1317 1699 9.64368
262 9.607 9.682 0.0077 218985 1317 1699 9.68422
264 9.607 9.681 0.0076 220651 1317 1699 9.64947
266 9.599 9.676 0.0079 222202 1391 1774 8.98339
268 9.592 9.678 0.0089 223913 1413 1995 9.91011
270 9.588 9.673 0.0088 225473 1413 1995 9.03552
272 9.588 9.673 0.0087 227144 1413 1995 9.67843
274 9.589 9.673 0.0087 228814 1413 1995 9.67264
276 9.589 9.673 0.0086 230482 1413 1995 9.66106
278 9.59 9.673 0.0085 232152 1413 1995 9.67264
280 9.59 9.673 0.0085 233818 1413 1995 9.64947
282 9.591 9.673 0.0084 235487 1413 1995 9.66685
284 9.591 9.673 0.0084 237156 1413 1995 9.66685
286 9.592 9.673 0.0083 238825 1413 1995 9.66685
288 9.593 9.673 0.0082 240497 1413 1995 9.68422
290 9.593 9.673 0.0082 242162 1413 1995 9.64368
292 9.594 9.673 0.0081 243833 1413 1995 9.67843
294 9.594 9.673 0.0081 245505 1413 1995 9.68422
296 9.594 9.673 0.008 247171 1413 1995 9.64947
298 9.595 9.672 0.008 248837 1413 1995 9.64947
300 9.595 9.672 0.0079 250504 1413 1995 9.65526
302 9.596 9.672 0.0079 252177 1413 1995 9.69002
304 9.596 9.672 0.0078 253845 1413 1995 9.66106
306 9.597 9.672 0.0078 255510 1413 1995 9.64368
308 9.597 9.672 0.0077 257182 1413 1995 9.68422
310 9.598 9.672 0.0077 258849 1413 1995 9.65526
312 9.598 9.672 0.0076 260519 1413 1995 9.67264
314 9.599 9.672 0.0076 262189 1413 1995 9.67264
316 9.599 9.672 0.0075 263856 1413 1995 9.65526
318 9.599 9.672 0.0075 265524 1413 1995 9.66106
320 9.6 9.672 0.0074 267192 1413 1995 9.66106
322 9.6 9.672 0.0074 268859 1413 1995 9.65526
324 9.6 9.672 0.0073 270531 1413 1995 9.68422
326 9.601 9.672 0.0073 272197 1413 1995 9.64947
328 9.601 9.672 0.0072 273867 1413 1995 9.67264
330 9.602 9.672 0.0072 275535 1413 1995 9.66106
332 9.602 9.672 0.0071 277203 1413 1995 9.66106
334 9.602 9.672 0.0071 278872 1413 1995 9.66685
336 9.603 9.671 0.0071 280541 1413 1995 9.66685
338 9.603 9.671 0.007 282205 1413 1995 9.63789
340 9.603 9.671 0.007 283876 1413 1995 9.67843
342 9.604 9.671 0.0069 285544 1413 1995 9.66106
344 9.604 9.671 0.0069 287213 1413 1995 9.66685
346 9.604 9.671 0.0069 288880 1413 1995 9.65526
348 9.605 9.671 0.0068 290548 1413 1995 9.66106
350 9.605 9.671 0.0068 292216 1413 1995 9.66106
352 9.605 9.671 0.0067 293886 1413 1995 9.67264
354 9.606 9.671 0.0067 295555 1413 1995 9.66685
356 9.6 9.666 0.0068 297057 1442 2024 8.69958
358 9.588 9.662 0.0075 298613 1577 2269 9.01235
360 9.589 9.662 0.0075 300283 1577 2269 9.67264
362 9.589 9.662 0.0075 301951 1577 2269 9.66106
364 9.59 9.662 0.0074 303621 1577 2269 9.67264
366 9.59 9.662 0.0074 305291 1577 2269 9.67264
368 9.591 9.662 0.0073 306962 1577 2269 9.67843
370 9.591 9.662 0.0073 308628 1577 2269 9.64947
372 9.591 9.662 0.0073 310299 1577 2269 9.67843
374 9.592 9.662 0.0072 311967 1577 2269 9.66106
376 9.592 9.662 0.0072 313637 1577 2269 9.67264
378 9.593 9.662 0.0071 315307 1577 2269 9.67264
380 9.593 9.662 0.0071 316975 1577 2269 9.66106
382 9.594 9.662 0.0071 318646 1577 2269 9.67843
384 9.594 9.662 0.007 320314 1577 2269 9.66106
386 9.594 9.662 0.007 321983 1577 2269 9.66685
388 9.595 9.662 0.007 323655 1577 2269 9.68422
390 9.595 9.662 0.0069 325324 1577 2269 9.66685
392 9.595 9.662 0.0069 326991 1577 2269 9.65526
394 9.596 9.662 0.0069 328661 1577 2269 9.67264
396 9.596 9.663 0.0068 330331 1577 2269 9.67264
398 9.596 9.663 0.0068 332000 1577 2269 9.66685
400 9.597 9.663 0.0068 333668 1577 2269 9.66106
402 9.597 9.663 0.0067 335337 1577 2269 9.66685
404 9.597 9.663 0.0067 337005 1577 2269 9.66106
406 9.598 9.663 0.0066 338675 1577 2269 9.67264
408 9.598 9.663 0.0066 340344 1577 2269 9.66685
410 9.599 9.663 0.0066 342014 1577 2269 9.67264
412 9.599 9.663 0.0066 343682 1577 2269 9.66106
414 9.599 9.663 0.0065 345352 1577 2269 9.67264
416 9.599 9.663 0.0065 347018 1577 2269 9.64947
418 9.6 9.663 0.0065 348686 1577 2269 9.66106
420 9.6 9.663 0.0064 350356 1577 2269 9.67264
422 9.6 9.663 0.0064 352025 1577 2269 9.66685
424 9.601 9.663 0.0064 353696 1577 2269 9.67843
426 9.601 9.663 0.0063 355365 1577 2269 9.66685
428 9.601 9.663 0.0063 357031 1577 2269 9.64947
430 9.602 9.663 0.0063 358701 1577 2269 9.67264
432 9.602 9.663 0.0062 360368 1577 2269 9.65526
434 9.602 9.663 0.0062 362036 1577 2269 9.66106
436 9.603 9.663 0.0062 363708 1577 2269 9.68422
438 9.603 9.663 0.0062 365374 1577 2269 9.64947
440 9.603 9.663 0.0061 367044 1577 2269 9.67264
442 9.603 9.663 0.0061 368710 1577 2269 9.64947
444 9.603 9.663 0.0061 370378 1577 2269 9.66106
446 9.604 9.663 0.006 372048 1577 2269 9.67264
448 9.604 9.663 0.006 373718 1577 2269 9.67264
450 9.604 9.663 0.006 375386 1577 2269 9.66106
452 9.605 9.663 0.006 377053 1577 2269 9.65526
454 9.605 9.663 0.0059 378722 1577 2269 9.66685
456 9.605 9.663 0.0059 380391 1577 2269 9.66685
458 9.605 9.663 0.0059 382059 1577 2269 9.66106
460 9.606 9.663 0.0059 383726 1577 2269 9.65526
462 9.606 9.663 0.0058 385396 1577 2269 9.67264
464 9.606 9.663 0.0058 387063 1577 2269 9.65526
466 9.606 9.663 0.0058 388734 1577 2269 9.67843
468 9.607 9.663 0.0058 390400 1577 2269 9.64947
470 9.607 9.663 0.0057 392068 1577 2269 9.66106
472 9.607 9.663 0.0057 393736 1577 2269 9.66106
474 9.607 9.663 0.0057 395403 1577 2269 9.65526
476 9.607 9.663 0.0057 397072 1577 2269 9.66685
478 9.608 9.663 0.0056 398739 1577 2269 9.65526
480 9.608 9.663 0.0056 400412 1577 2269 9.69002
482 9.608 9.663 0.0056 402076 1577 2269 9.63789
484 9.608 9.663 0.0056 403746 1577 2269 9.67264
486 9.603 9.66 0.0058 405284 1647 2364 8.9081
488 9.589 9.655 0.0068 406768 1843 2801 8.59533
490 9.587 9.653 0.0068 408335 1843 2801 9.07606
492 9.587 9.653 0.0068 410005 1843 2801 9.67264
494 9.587 9.653 0.0068 411675 1843 2801 9.67264
496 9.588 9.653 0.0067 413345 1843 2801 9.67264
498 9.588 9.653 0.0067 415017 1843 2801 9.68422
500 9.588 9.653 0.0067 416686 1843 2801 9.66685
502 9.589 9.653 0.0066 418360 1843 2801 9.69581
504 9.589 9.653 0.0066 420029 1843 2801 9.66685
506 9.589 9.654 0.0066 421700 1843 2801 9.67843
508 9.59 9.654 0.0066 423369 1843 2801 9.66685
510 9.59 9.654 0.0065 425038 1843 2801 9.66685
512 9.59 9.654 0.0065 426709 1843 2801 9.67843
514 9.591 9.654 0.0065 428379 1843 2801 9.67264
516 9.591 9.654 0.0065 430047 1843 2801 9.66106
518 9.591 9.654 0.0064 431719 1843 2801 9.68422
520 9.592 9.654 0.0064 433391 1843 2801 9.68422
522 9.592 9.654 0.0064 435059 1843 2801 9.66106
524 9.592 9.654 0.0064 436731 1843 2801 9.68422
526 9.593 9.654 0.0063 438399 1843 2801 9.66106
528 9.593 9.654 0.0063 440068 1843 2801 9.66685
530 9.593 9.654 0.0063 441740 1843 2801 9.68422
532 9.593 9.654 0.0063 443407 1843 2801 9.65526
534 9.594 9.655 0.0062 445081 1843 2801 9.69581
536 9.594 9.655 0.0062 446746 1843 2801 9.64368
538 9.594 9.655 0.0062 448418 1843 2801 9.68422
540 9.595 9.655 0.0062 450086 1843 2801 9.66106
542 9.595 9.655 0.0062 451757 1843 2801 9.67843
544 9.595 9.655 0.0061 453426 1843 2801 9.66685
546 9.595 9.655 0.0061 455095 1843 2801 9.66685
548 9.596 9.655 0.0061 456765 1843 2801 9.67264
550 9.596 9.655 0.0061 458433 1843 2801 9.66106
552 9.596 9.655 0.006 460104 1843 2801 9.67843
554 9.596 9.655 0.006 461771 1843 2801 9.65526
556 9.597 9.655 0.006 463443 1843 2801 9.68422
558 9.597 9.655 0.006 465112 1843 2801 9.66685
560 9.597 9.655 0.006 466781 1843 2801 9.66685
562 9.597 9.655 0.0059 468449 1843 2801 9.66106
564 9.598 9.655 0.0059 470120 1843 2801 9.67843
566 9.598 9.655 0.0059 471788 1843 2801 9.66106
568 9.598 9.655 0.0059 473458 1843 2801 9.67264
570 9.599 9.655 0.0058 475129 1843 2801 9.67843
572 9.599 9.655 0.0058 476796 1843 2801 9.65526
574 9.599 9.656 0.0058 478466 1843 2801 9.67264
576 9.599 9.656 0.0058 480135 1843 2801 9.66685
578 9.599 9.656 0.0058 481804 1843 2801 9.66685
580 9.6 9.656 0.0057 483475 1843 2801 9.67843
582 9.6 9.656 0.0057 485140 1843 2801 9.64368
584 9.6 9.656 0.0057 486811 1843 2801 9.67843
586 9.6 9.656 0.0057 488479 1843 2801 9.66106
588 9.601 9.656 0.0057 490150 1843 2801 9.67843
590 9.601 9.656 0.0056 491816 1843 2801 9.64947
592 9.601 9.656 0.0056 493488 1843 2801 9.68422
594 9.601 9.656 0.0056 495155 1843 2801 9.65526
596 9.601 9.656 0.0056 496824 1843 2801 9.66685
598 9.602 9.656 0.0056 498490 1843 2801 9.64947
