0-Time  1-AverageGoodput  2-AverageThroughput  3-AveragePlr  4-AccumAggregTxPkts  5-AccumAggregLostPkts  6-AccumRetransPkts  7-Instantanous Throughput 
0.001 0 0 0 0 0 0 0
2 3.967 5.612 0.293 969 213 284 5.61526
4 2.568 3.892 0.34 1344 273 457 2.172
6 3.307 4.212 0.2149 2182 273 469 4.8537
8 4.471 5.569 0.197 3846 562 758 9.63789
10 5.5 6.378 0.1376 5506 562 758 9.61472
12 5.87 6.601 0.1108 6839 562 758 7.72074
14 6.409 7.036 0.0891 8504 562 758 9.64368
16 6.809 7.358 0.0745 10163 562 758 9.60893
18 7.12 7.608 0.0641 11823 562 758 9.61472
20 7.368 7.807 0.0562 13480 562 758 9.59734
22 7.57 7.969 0.05 15135 562 758 9.58576
24 7.735 8.101 0.0451 16785 562 758 9.5568
26 7.874 8.212 0.0411 18432 562 758 9.53942
28 7.994 8.307 0.0377 20081 562 758 9.55101
30 8.096 8.389 0.0348 21727 562 758 9.53363
32 8.186 8.461 0.0325 23374 562 760 9.53942
34 8.266 8.526 0.0304 25025 562 763 9.56259
36 8.336 8.582 0.0286 26671 562 764 9.53363
38 8.3 8.534 0.0273 27996 562 767 7.6744
40 8.362 8.585 0.0259 29646 562 769 9.5568
42 8.418 8.631 0.0246 31295 562 772 9.55101
44 8.469 8.672 0.0234 32942 562 773 9.53942
46 8.514 8.71 0.0224 34588 562 776 9.53363
48 8.557 8.744 0.0214 36234 562 776 9.53363
50 8.522 8.702 0.0206 37562 562 776 7.69178
52 8.558 8.731 0.0197 39194 562 776 9.45254
54 8.594 8.76 0.019 40840 562 776 9.53363
56 8.627 8.787 0.0182 42483 562 776 9.51626
58 8.658 8.813 0.0175 44127 562 776 9.52205
60 8.686 8.836 0.0169 45770 562 777 9.51626
62 8.713 8.858 0.0164 47415 562 778 9.52784
64 8.738 8.879 0.0158 49059 562 778 9.52205
66 8.762 8.899 0.0153 50703 562 779 9.52205
68 8.784 8.917 0.0148 52349 562 780 9.53363
70 8.805 8.935 0.0144 53993 562 781 9.52205
72 8.825 8.951 0.014 55637 562 781 9.52205
74 8.844 8.966 0.0136 57282 562 782 9.52784
76 8.862 8.981 0.0132 58925 562 782 9.51626
78 8.83 8.946 0.0129 60242 562 782 7.62806
80 8.847 8.96 0.0126 61885 562 782 9.51626
82 8.864 8.974 0.0123 63530 562 782 9.52784
84 8.879 8.987 0.0119 65171 562 782 9.50467
86 8.894 8.999 0.0117 66813 562 782 9.51046
88 8.908 9.011 0.0114 68457 562 782 9.52205
90 8.921 9.022 0.0111 70100 562 782 9.51626
92 8.935 9.033 0.0108 71744 562 782 9.52205
94 8.947 9.043 0.0106 73385 562 782 9.50467
96 8.959 9.053 0.0104 75030 562 782 9.52784
98 8.97 9.062 0.0101 76672 562 782 9.51046
100 8.981 9.071 0.0099 78313 562 782 9.50467
102 8.991 9.08 0.0097 79958 562 782 9.52784
104 9.001 9.088 0.0095 81600 562 782 9.51046
106 9.011 9.097 0.0093 83244 562 782 9.52205
108 9.02 9.104 0.0092 84886 562 782 9.51046
110 9.03 9.112 0.009 86531 562 782 9.52784
112 9.038 9.119 0.0088 88172 562 782 9.50467
114 9.013 9.093 0.0087 89489 562 782 7.62806
116 9.022 9.1 0.0085 91132 562 782 9.51626
118 9.03 9.107 0.0084 92774 562 782 9.51046
120 9.039 9.114 0.0082 94419 562 782 9.52784
122 9.046 9.12 0.0081 96060 562 782 9.50467
124 9.054 9.127 0.008 97707 562 782 9.53942
126 9.061 9.133 0.0078 99348 562 782 9.50467
128 9.039 9.11 0.0077 100663 562 782 7.61648
130 9.046 9.116 0.0076 102307 562 782 9.52205
132 9.053 9.122 0.0075 103948 562 782 9.50467
134 9.06 9.128 0.0074 105593 562 782 9.52784
136 9.067 9.133 0.0072 107235 562 782 9.51046
138 9.073 9.139 0.0071 108879 562 782 9.52205
140 9.08 9.144 0.007 110521 562 782 9.51046
142 9.086 9.15 0.0069 112164 562 782 9.51626
144 9.092 9.155 0.0068 113807 562 782 9.51626
146 9.097 9.16 0.0067 115449 562 782 9.51046
148 9.103 9.164 0.0066 117093 562 782 9.52205
150 9.109 9.169 0.0065 118735 562 782 9.51046
152 9.089 9.149 0.0065 120055 562 782 7.64544
154 9.095 9.154 0.0064 121696 562 782 9.50467
156 9.1 9.158 0.0063 123339 562 782 9.51626
158 9.105 9.163 0.0062 124983 562 782 9.52205
160 9.11 9.167 0.0061 126624 562 782 9.50467
162 9.116 9.172 0.006 128269 562 782 9.52784
164 9.12 9.176 0.006 129910 562 782 9.50467
166 9.125 9.18 0.0059 131554 562 782 9.52205
168 9.13 9.184 0.0058 133198 562 782 9.52205
170 9.134 9.188 0.0057 134841 562 782 9.51626
172 9.139 9.192 0.0057 136487 562 782 9.53363
174 9.143 9.195 0.0056 138130 562 782 9.51626
176 9.148 9.199 0.0055 139776 562 782 9.53363
178 9.152 9.203 0.0055 141419 562 782 9.51626
180 9.156 9.206 0.0054 143064 562 782 9.52784
182 9.16 9.21 0.0054 144708 562 782 9.52205
184 9.164 9.213 0.0053 146351 562 782 9.51626
186 9.168 9.217 0.0052 147997 562 782 9.53363
188 9.172 9.22 0.0052 149640 562 782 9.51626
190 9.175 9.223 0.0051 151286 562 782 9.53363
192 9.159 9.207 0.0051 152603 562 782 7.62806
194 9.163 9.21 0.005 154248 562 782 9.52784
196 9.167 9.213 0.005 155891 562 782 9.51626
198 9.17 9.216 0.0049 157536 562 782 9.52784
200 9.174 9.219 0.0049 159181 562 782 9.52784
202 9.177 9.222 0.0048 160824 562 782 9.51626
204 9.181 9.225 0.0048 162470 562 782 9.53363
206 9.184 9.228 0.0047 164113 562 782 9.51626
208 9.187 9.231 0.0047 165757 562 782 9.52205
210 9.191 9.234 0.0046 167402 562 782 9.52784
212 9.194 9.236 0.0046 169046 562 782 9.52205
214 9.179 9.222 0.0045 170367 562 782 7.65123
216 9.182 9.224 0.0045 172007 562 782 9.49888
218 9.186 9.227 0.0045 173654 562 782 9.53942
220 9.188 9.23 0.0044 175296 562 782 9.51046
222 9.191 9.232 0.0044 176940 562 782 9.52205
224 9.195 9.235 0.0043 178586 562 782 9.53363
226 9.197 9.237 0.0043 180230 562 782 9.52205
228 9.2 9.24 0.0042 181875 562 782 9.52784
230 9.203 9.242 0.0042 183518 562 782 9.51626
232 9.206 9.245 0.0042 185164 562 782 9.53363
234 9.209 9.247 0.0041 186808 562 782 9.52205
236 9.211 9.25 0.0041 188451 562 782 9.51626
238 9.214 9.252 0.0041 190097 562 782 9.53363
240 9.216 9.254 0.004 191740 562 782 9.51626
242 9.219 9.256 0.004 193386 562 782 9.53363
244 9.221 9.259 0.004 195028 562 782 9.51046
246 9.21 9.246 0.0039 196371 562 782 7.77866
248 9.211 9.248 0.0039 197990 562 782 9.37725
250 9.214 9.25 0.0039 199634 562 782 9.52205
252 9.216 9.252 0.0038 201280 562 782 9.53363
254 9.218 9.254 0.0038 202922 562 782 9.51046
256 9.221 9.256 0.0038 204568 562 782 9.53363
258 9.223 9.258 0.0037 206211 562 782 9.51626
260 9.226 9.26 0.0037 207858 562 782 9.53942
262 9.213 9.248 0.0037 209177 562 782 7.63965
264 9.216 9.25 0.0037 210818 562 782 9.50467
266 9.218 9.252 0.0036 212464 562 782 9.53363
268 9.22 9.254 0.0036 214106 562 782 9.51046
270 9.223 9.256 0.0036 215752 562 782 9.53363
272 9.225 9.258 0.0035 217395 562 782 9.51626
274 9.227 9.26 0.0035 219040 562 782 9.52784
276 9.215 9.248 0.0035 220358 562 782 7.63386
278 9.217 9.25 0.0035 222001 562 782 9.51626
280 9.22 9.252 0.0034 223646 562 782 9.52784
282 9.222 9.254 0.0034 225289 562 782 9.51626
284 9.224 9.256 0.0034 226936 562 782 9.53942
286 9.226 9.258 0.0034 228578 562 782 9.51046
288 9.228 9.26 0.0033 230223 562 782 9.52784
290 9.23 9.261 0.0033 231867 562 782 9.52205
292 9.232 9.263 0.0033 233511 562 782 9.52205
294 9.234 9.265 0.0033 235156 562 782 9.52784
296 9.223 9.254 0.0033 236473 562 782 7.62806
298 9.225 9.256 0.0032 238118 562 782 9.52784
300 9.227 9.257 0.0032 239761 562 782 9.51626
302 9.229 9.259 0.0032 241406 562 782 9.52784
304 9.231 9.261 0.0032 243050 562 782 9.52205
306 9.233 9.263 0.0031 244694 562 782 9.52205
308 9.235 9.264 0.0031 246339 562 782 9.52784
310 9.237 9.266 0.0031 247982 562 782 9.51626
312 9.239 9.268 0.0031 249628 562 782 9.53363
314 9.24 9.269 0.0031 251271 562 782 9.51626
316 9.242 9.271 0.003 252916 562 782 9.52784
318 9.244 9.273 0.003 254560 562 782 9.52205
320 9.246 9.274 0.003 256205 562 782 9.52784
322 9.248 9.276 0.003 257850 562 782 9.52784
324 9.249 9.277 0.003 259493 562 782 9.51626
326 9.251 9.279 0.0029 261140 562 782 9.53942
328 9.253 9.28 0.0029 262782 562 782 9.51046
330 9.254 9.282 0.0029 264426 562 782 9.52205
332 9.256 9.283 0.0029 266071 562 782 9.52784
334 9.257 9.285 0.0029 267715 562 782 9.52205
336 9.259 9.286 0.0029 269360 562 782 9.52784
338 9.261 9.287 0.0028 271003 562 782 9.51626
340 9.262 9.289 0.0028 272650 562 782 9.53942
342 9.253 9.279 0.0028 273966 562 782 7.62227
344 9.254 9.28 0.0028 275609 562 782 9.51626
346 9.256 9.282 0.0028 277255 562 782 9.53363
348 9.257 9.283 0.0028 278899 562 782 9.52205
350 9.259 9.285 0.0027 280544 562 782 9.52784
352 9.26 9.286 0.0027 282187 562 782 9.51626
354 9.262 9.287 0.0027 283833 562 782 9.53363
356 9.263 9.289 0.0027 285476 562 782 9.51626
358 9.254 9.279 0.0027 286793 562 782 7.62806
360 9.256 9.281 0.0027 288438 562 782 9.52784
362 9.257 9.282 0.0026 290081 562 782 9.51626
364 9.259 9.283 0.0026 291727 562 782 9.53363
366 9.26 9.285 0.0026 293370 562 782 9.51626
368 9.261 9.286 0.0026 295016 562 782 9.53363
370 9.263 9.287 0.0026 296659 562 782 9.51626
372 9.264 9.289 0.0026 298303 562 782 9.52205
374 9.266 9.29 0.0026 299948 562 782 9.52784
376 9.267 9.291 0.0025 301591 562 782 9.51626
378 9.268 9.292 0.0025 303237 562 782 9.53363
380 9.27 9.294 0.0025 304880 562 782 9.51626
382 9.261 9.285 0.0025 306201 562 782 7.65123
384 9.263 9.286 0.0025 307843 562 782 9.51046
386 9.264 9.287 0.0025 309487 562 782 9.52205
388 9.265 9.289 0.0025 311132 562 782 9.52784
390 9.266 9.29 0.0025 312775 562 782 9.51626
392 9.268 9.291 0.0024 314421 562 782 9.53363
394 9.269 9.292 0.0024 316064 562 782 9.51626
396 9.27 9.293 0.0024 317709 562 782 9.52784
398 9.262 9.285 0.0024 319026 562 782 7.62806
400 9.263 9.286 0.0024 320670 562 782 9.52205
402 9.265 9.287 0.0024 322315 562 782 9.52784
404 9.266 9.288 0.0024 323958 562 782 9.51626
406 9.267 9.29 0.0024 325604 562 782 9.53363
408 9.269 9.291 0.0023 327247 562 782 9.51626
410 9.27 9.292 0.0023 328892 562 782 9.52784
412 9.271 9.293 0.0023 330536 562 782 9.52205
414 9.272 9.294 0.0023 332180 562 782 9.52205
416 9.273 9.295 0.0023 333825 562 782 9.52784
418 9.275 9.296 0.0023 335468 562 782 9.51626
420 9.276 9.297 0.0023 337114 562 782 9.53363
422 9.277 9.298 0.0023 338757 562 782 9.51626
424 9.269 9.291 0.0022 340078 562 782 7.65123
426 9.27 9.292 0.0022 341719 562 782 9.50467
428 9.272 9.293 0.0022 343363 562 782 9.52205
430 9.273 9.294 0.0022 345008 562 782 9.52784
432 9.274 9.295 0.0022 346651 562 782 9.51626
434 9.275 9.296 0.0022 348297 562 782 9.53363
436 9.276 9.297 0.0022 349940 562 782 9.51626
438 9.277 9.298 0.0022 351585 562 782 9.52784
440 9.278 9.299 0.0022 353229 562 782 9.52205
442 9.28 9.3 0.0022 354873 562 782 9.52205
444 9.281 9.301 0.0021 356519 562 782 9.53363
446 9.282 9.302 0.0021 358162 562 782 9.51626
448 9.283 9.303 0.0021 359808 562 782 9.53363
450 9.284 9.304 0.0021 361451 562 782 9.51626
452 9.277 9.297 0.0021 362767 562 782 7.62227
454 9.278 9.298 0.0021 364413 562 782 9.53363
456 9.279 9.299 0.0021 366057 562 782 9.52205
458 9.28 9.3 0.0021 367702 562 782 9.52784
460 9.281 9.301 0.0021 369345 562 782 9.51626
462 9.282 9.302 0.0021 370992 562 782 9.53942
464 9.283 9.303 0.002 372635 562 782 9.51626
466 9.284 9.303 0.002 374279 562 782 9.52205
468 9.285 9.304 0.002 375924 562 782 9.52784
470 9.286 9.305 0.002 377567 562 782 9.51626
472 9.287 9.306 0.002 379213 562 782 9.53363
474 9.288 9.307 0.002 380856 562 782 9.51626
476 9.289 9.308 0.002 382501 562 782 9.52784
478 9.29 9.309 0.002 384145 562 782 9.52205
480 9.291 9.31 0.002 385789 562 782 9.52205
482 9.292 9.311 0.002 387434 562 782 9.52784
484 9.293 9.312 0.002 389077 562 782 9.51626
486 9.294 9.313 0.002 390723 562 782 9.53363
488 9.295 9.313 0.0019 392366 562 782 9.51626
490 9.296 9.314 0.0019 394012 562 782 9.53363
492 9.297 9.315 0.0019 395655 562 782 9.51626
494 9.29 9.308 0.0019 396973 562 782 7.63386
496 9.291 9.309 0.0019 398617 562 782 9.52205
498 9.292 9.31 0.0019 400260 562 782 9.51626
500 9.293 9.311 0.0019 401906 562 782 9.53363
502 9.294 9.312 0.0019 403550 562 782 9.52205
504 9.295 9.313 0.0019 405196 562 782 9.53363
506 9.295 9.313 0.0019 406839 562 782 9.51626
508 9.296 9.314 0.0019 408483 562 782 9.52205
510 9.297 9.315 0.0019 410128 562 782 9.52784
512 9.298 9.316 0.0018 411771 562 782 9.51626
514 9.292 9.309 0.0018 413091 562 782 7.64544
516 9.293 9.31 0.0018 414733 562 782 9.51046
518 9.293 9.311 0.0018 416378 562 782 9.52784
520 9.294 9.312 0.0018 418022 562 782 9.52205
522 9.295 9.313 0.0018 419666 562 782 9.52205
524 9.296 9.313 0.0018 421311 562 782 9.52784
526 9.297 9.314 0.0018 422954 562 782 9.51626
528 9.298 9.315 0.0018 424600 562 782 9.53363
530 9.299 9.316 0.0018 426243 562 782 9.51626
532 9.292 9.309 0.0018 427561 562 782 7.63386
534 9.293 9.31 0.0018 429205 562 782 9.52205
536 9.294 9.311 0.0018 430849 562 782 9.52205
538 9.295 9.312 0.0018 432494 562 782 9.52784
540 9.296 9.313 0.0018 434137 562 782 9.51626
542 9.297 9.313 0.0017 435783 562 782 9.53363
544 9.297 9.314 0.0017 437426 562 782 9.51626
546 9.291 9.308 0.0017 438747 562 782 7.65123
548 9.292 9.309 0.0017 440388 562 782 9.50467
550 9.293 9.309 0.0017 442032 562 782 9.52205
552 9.294 9.31 0.0017 443677 562 782 9.52784
554 9.295 9.311 0.0017 445320 562 782 9.51626
556 9.296 9.312 0.0017 446966 562 782 9.53363
558 9.296 9.313 0.0017 448609 562 782 9.51626
560 9.297 9.313 0.0017 450254 562 782 9.52784
562 9.298 9.314 0.0017 451898 562 782 9.52205
564 9.299 9.315 0.0017 453543 562 782 9.52784
566 9.3 9.316 0.0017 455188 562 782 9.52784
568 9.3 9.316 0.0017 456831 562 782 9.51626
570 9.301 9.317 0.0017 458478 562 782 9.53942
572 9.302 9.318 0.0016 460120 562 782 9.51046
574 9.303 9.318 0.0016 461763 562 782 9.51626
576 9.303 9.319 0.0016 463409 562 782 9.53363
578 9.304 9.32 0.0016 465053 562 782 9.52205
580 9.298 9.314 0.0016 466371 562 782 7.63386
582 9.299 9.315 0.0016 468015 562 782 9.52205
584 9.3 9.316 0.0016 469662 562 782 9.53942
586 9.301 9.316 0.0016 471304 562 782 9.51046
588 9.301 9.317 0.0016 472947 562 782 9.51626
590 9.302 9.318 0.0016 474593 562 782 9.53363
592 9.303 9.318 0.0016 476236 562 782 9.51626
594 9.304 9.319 0.0016 477882 562 782 9.53363
596 9.304 9.32 0.0016 479525 562 782 9.51626
598 9.305 9.32 0.0016 481171 562 782 9.53363
