0-Time  1-AverageGoodput  2-AverageThroughput  3-AveragePlr  4-AccumAggregTxPkts  5-AccumAggregLostPkts  6-AccumRetransPkts  7-Instantanous Throughput 
0.001 0 0 0 0 0 0 0
2 1.308 1.534 0.1471 265 10 39 1.53565
4 1.757 1.925 0.0872 665 10 58 2.3168
6 2.079 2.191 0.0511 1135 10 58 2.72224
8 2.309 2.393 0.035 1653 10 58 3.00026
10 2.578 2.645 0.0253 2284 10 58 3.65475
12 2.855 2.911 0.0192 3016 10 58 4.23974
14 3.123 3.171 0.0151 3833 10 58 4.73206
16 3.392 3.434 0.0122 4744 10 58 5.27651
18 3.666 3.703 0.01 5755 10 58 5.85571
20 3.95 3.984 0.0084 6879 10 58 6.51021
22 4.242 4.272 0.0071 8115 10 58 7.15891
24 4.535 4.563 0.0061 9455 10 58 7.76128
26 4.815 4.841 0.0053 10867 10 58 8.1783
28 5.093 5.117 0.0046 12369 10 58 8.69958
30 5.376 5.398 0.0041 13981 10 58 9.3367
32 5.644 5.665 0.0037 15651 10 58 9.67264
34 5.767 5.828 0.0104 17106 127 178 8.42736
36 5.876 5.933 0.0096 18440 127 178 7.72653
38 5.995 6.049 0.0089 19844 127 178 8.13197
40 6.124 6.175 0.0083 21325 127 178 8.57795
42 6.275 6.324 0.0077 22930 127 178 9.29616
44 6.428 6.474 0.0072 24594 127 178 9.63789
46 6.509 6.583 0.0112 26145 243 294 8.98339
48 6.555 6.626 0.0107 27456 243 294 7.59331
50 6.614 6.682 0.0101 28845 243 294 8.04509
52 6.685 6.75 0.0097 30303 243 294 8.44474
54 6.755 6.818 0.0092 31784 243 294 8.57795
56 6.818 6.879 0.0088 33257 243 294 8.53162
58 6.884 6.943 0.0084 34766 243 294 8.74013
60 6.947 7.003 0.0081 36277 243 294 8.75171
62 7.014 7.069 0.0077 37836 243 294 9.02973
64 7.076 7.13 0.0074 39393 243 294 9.01814
66 7.141 7.192 0.0071 40981 243 294 9.1977
68 7.208 7.258 0.0069 42607 243 294 9.41779
70 7.277 7.326 0.0066 44270 243 294 9.6321
72 7.283 7.356 0.0099 45726 395 454 8.43315
74 7.299 7.37 0.0096 47083 395 454 7.85974
76 7.326 7.395 0.0093 48523 395 454 8.34048
78 7.363 7.431 0.009 50038 395 454 8.77488
80 7.414 7.48 0.0087 51660 395 454 9.39462
82 7.468 7.532 0.0085 53321 395 454 9.62051
84 7.484 7.564 0.0105 54852 513 576 8.86755
86 7.492 7.57 0.0102 56203 513 576 7.82499
88 7.505 7.58 0.01 57590 513 576 8.0335
90 7.523 7.597 0.0097 59030 513 576 8.34048
92 7.546 7.618 0.0095 60507 513 576 8.55478
94 7.567 7.638 0.0092 61987 513 576 8.57216
96 7.598 7.667 0.009 63546 513 576 9.02973
98 7.637 7.705 0.0088 65185 513 576 9.49309
100 7.677 7.744 0.0086 66855 513 576 9.67264
102 7.669 7.749 0.0102 68238 634 702 8.01034
104 7.672 7.75 0.01 69585 634 702 7.80182
106 7.677 7.753 0.0098 70951 634 702 7.91187
108 7.686 7.761 0.0097 72364 634 702 8.1841
110 7.701 7.775 0.0095 73831 634 702 8.49686
112 7.719 7.791 0.0093 75335 634 702 8.71117
114 7.739 7.811 0.0091 76870 634 702 8.89072
116 7.76 7.83 0.0089 78417 634 702 8.96022
118 7.783 7.852 0.0087 79990 634 702 9.11082
120 7.807 7.874 0.0086 81578 634 702 9.1977
122 7.829 7.896 0.0084 83161 634 702 9.16874
124 7.85 7.916 0.0082 84737 634 702 9.12819
126 7.871 7.935 0.0081 86319 634 702 9.16294
128 7.893 7.956 0.0079 87919 634 702 9.2672
130 7.915 7.977 0.0078 89531 634 702 9.3367
132 7.94 8.002 0.0076 91185 634 702 9.57997
134 7.966 8.027 0.0075 92854 634 702 9.66685
136 7.972 8.043 0.0087 94431 755 828 9.13398
138 7.971 8.04 0.0086 95791 755 828 7.87712
140 7.976 8.044 0.0085 97228 755 828 8.3231
142 7.989 8.057 0.0083 98771 755 828 8.93706
144 8.008 8.075 0.0082 100387 755 828 9.35987
146 8.031 8.097 0.0081 102055 755 828 9.66106
148 8.035 8.11 0.0092 103622 880 959 9.07606
150 8.032 8.106 0.0091 104968 880 959 7.79603
152 8.034 8.107 0.009 106386 880 959 8.21306
154 8.043 8.115 0.0088 107890 880 959 8.71117
156 8.055 8.126 0.0087 109441 880 959 8.98339
158 8.069 8.14 0.0086 111027 880 959 9.18611
160 8.082 8.151 0.0085 112595 880 959 9.08186
162 8.098 8.167 0.0083 114214 880 959 9.37725
164 8.115 8.182 0.0082 115847 880 959 9.45834
166 8.133 8.2 0.0081 117518 880 959 9.67843
168 8.132 8.206 0.0091 119024 1001 1086 8.72275
170 8.128 8.202 0.009 120369 1001 1086 7.79024
172 8.129 8.202 0.0089 121794 1001 1086 8.2536
174 8.138 8.211 0.0088 123336 1001 1086 8.93126
176 8.154 8.225 0.0086 124977 1001 1086 9.50467
178 8.171 8.241 0.0085 126644 1001 1086 9.65526
180 8.16 8.245 0.0103 128128 1239 1325 8.59533
182 8.157 8.242 0.0102 129495 1239 1325 7.91766
184 8.158 8.241 0.0101 130912 1239 1325 8.20726
186 8.165 8.247 0.01 132428 1239 1325 8.78067
188 8.177 8.259 0.0098 134047 1239 1325 9.37725
190 8.185 8.271 0.0104 135676 1333 1419 9.43517
192 8.178 8.265 0.0105 136994 1355 1441 7.63386
194 8.176 8.262 0.0104 138374 1355 1441 7.99296
196 8.179 8.265 0.0103 139845 1355 1441 8.52003
198 8.186 8.271 0.0101 141377 1355 1441 8.87334
200 8.195 8.279 0.01 142940 1355 1441 9.0529
202 8.207 8.29 0.0099 144567 1355 1441 9.42358
204 8.221 8.302 0.0098 146219 1355 1441 9.56838
206 8.235 8.316 0.0097 147889 1355 1441 9.67264
208 8.231 8.318 0.0104 149358 1473 1563 8.50845
210 8.226 8.312 0.0103 150701 1473 1563 7.77866
212 8.223 8.308 0.0102 152063 1473 1563 7.8887
214 8.223 8.308 0.0101 153482 1473 1563 8.21885
216 8.224 8.308 0.01 154925 1473 1563 8.35786
218 8.227 8.31 0.0099 156405 1473 1563 8.57216
220 8.232 8.314 0.0098 157915 1473 1563 8.74592
222 8.241 8.323 0.0097 159511 1473 1563 9.24403
224 8.254 8.335 0.0096 161180 1473 1563 9.66685
226 8.267 8.347 0.0096 162854 1474 1566 9.69581
228 8.263 8.349 0.0103 164346 1601 1705 8.64166
230 8.261 8.347 0.0102 165738 1601 1705 8.06246
232 8.264 8.349 0.0101 167221 1601 1705 8.58954
234 8.27 8.354 0.0101 168769 1601 1705 8.96602
236 8.28 8.364 0.01 170410 1601 1705 9.50467
238 8.292 8.375 0.0099 172080 1601 1705 9.67264
240 8.283 8.373 0.0107 173488 1759 1864 8.15514
242 8.281 8.37 0.0106 174873 1759 1864 8.02192
244 8.281 8.37 0.0105 176304 1759 1864 8.28835
246 8.283 8.371 0.0104 177771 1759 1864 8.49686
248 8.289 8.376 0.0103 179325 1759 1864 9.00077
250 8.299 8.385 0.0102 180975 1759 1864 9.5568
252 8.31 8.395 0.0102 182647 1759 1865 9.68422
254 8.304 8.394 0.0107 184075 1878 1986 8.27098
256 8.3 8.39 0.0107 185417 1878 1986 7.77286
258 8.298 8.387 0.0106 186818 1878 1986 8.11459
260 8.298 8.387 0.0105 188248 1878 1986 8.28256
262 8.3 8.388 0.0104 189731 1878 1986 8.58954
264 8.303 8.39 0.0103 191214 1878 1986 8.58954
266 8.307 8.393 0.0103 192743 1878 1986 8.85597
268 8.314 8.4 0.0102 194348 1878 1986 9.29616
270 8.321 8.407 0.0101 195952 1878 1986 9.29037
272 8.33 8.415 0.01 197601 1878 1986 9.55101
274 8.34 8.424 0.0099 199268 1878 1986 9.65526
276 8.349 8.433 0.0099 200935 1881 1995 9.65526
278 8.337 8.43 0.011 202313 2112 2230 7.98138
280 8.335 8.427 0.0109 203706 2112 2230 8.06826
282 8.337 8.429 0.0108 205206 2112 2230 8.688
284 8.343 8.434 0.0107 206794 2112 2230 9.1977
286 8.352 8.442 0.0106 208450 2112 2230 9.59155
288 8.361 8.451 0.0106 210117 2112 2230 9.65526
290 8.36 8.455 0.0112 211682 2251 2378 9.06448
292 8.357 8.451 0.0111 213035 2251 2378 7.83658
294 8.357 8.451 0.011 214486 2251 2378 8.40419
296 8.361 8.454 0.011 216037 2251 2378 8.98339
298 8.368 8.461 0.0109 217668 2251 2378 9.44675
300 8.377 8.469 0.0108 219329 2251 2378 9.62051
302 8.385 8.476 0.0107 220993 2255 2382 9.63789
304 8.379 8.474 0.0112 222400 2373 2500 8.14934
306 8.377 8.472 0.0111 223803 2373 2500 8.12618
308 8.379 8.473 0.011 225294 2373 2500 8.63587
310 8.384 8.478 0.011 226886 2373 2500 9.22086
312 8.392 8.485 0.0109 228545 2373 2500 9.60893
314 8.4 8.493 0.0108 230216 2376 2509 9.67843
316 8.407 8.5 0.0109 231890 2382 2531 9.69581
318 8.396 8.496 0.0118 233242 2606 2755 7.83078
320 8.395 8.495 0.0117 234683 2606 2755 8.34627
322 8.398 8.497 0.0116 236218 2606 2755 8.89072
324 8.405 8.504 0.0115 237854 2606 2755 9.47571
326 8.413 8.511 0.0115 239525 2606 2755 9.67843
328 8.412 8.515 0.0121 241126 2762 2920 9.27299
330 8.409 8.512 0.012 242495 2764 2922 7.92925
332 8.409 8.511 0.0119 243935 2764 2922 8.34048
334 8.41 8.512 0.0119 245430 2764 2922 8.65904
336 8.412 8.513 0.0118 246931 2764 2922 8.69379
338 8.415 8.515 0.0117 248478 2764 2922 8.96022
340 8.419 8.518 0.0116 250038 2764 2922 9.03552
342 8.424 8.523 0.0116 251648 2764 2922 9.32512
344 8.431 8.529 0.0115 253297 2764 2922 9.55101
346 8.438 8.536 0.0114 254970 2765 2923 9.69002
348 8.437 8.538 0.0118 256514 2887 3047 8.94285
350 8.433 8.534 0.0118 257862 2887 3047 7.80762
352 8.431 8.532 0.0117 259263 2887 3047 8.11459
354 8.43 8.53 0.0116 260676 2887 3047 8.1841
356 8.43 8.529 0.0116 262125 2887 3047 8.39261
358 8.43 8.529 0.0115 263588 2887 3047 8.4737
360 8.431 8.529 0.0114 265077 2887 3047 8.62429
362 8.434 8.532 0.0114 266630 2887 3047 8.99498
364 8.437 8.534 0.0113 268176 2887 3047 8.95443
366 8.44 8.537 0.0112 269736 2887 3047 9.03552
368 8.444 8.54 0.0112 271300 2887 3047 9.05869
370 8.448 8.543 0.0111 272899 2887 3047 9.26141
372 8.454 8.549 0.011 274559 2887 3047 9.61472
374 8.461 8.555 0.011 276229 2887 3047 9.67264
376 8.456 8.553 0.0114 277640 3006 3169 8.17251
378 8.455 8.552 0.0113 279078 3006 3169 8.3289
380 8.457 8.553 0.0112 280595 3006 3169 8.78646
382 8.461 8.557 0.0112 282200 3006 3169 9.29616
384 8.467 8.563 0.0111 283868 3006 3169 9.66106
386 8.463 8.562 0.0115 285311 3123 3286 8.35786
388 8.462 8.56 0.0114 286727 3123 3286 8.20147
390 8.462 8.56 0.0114 288198 3123 3286 8.52003
392 8.465 8.562 0.0113 289768 3123 3286 9.09344
394 8.471 8.567 0.0112 291408 3123 3286 9.49888
396 8.477 8.573 0.0112 293074 3123 3286 9.64947
398 8.471 8.57 0.0115 294480 3240 3403 8.14355
400 8.469 8.568 0.0115 295860 3240 3403 7.99296
402 8.468 8.567 0.0114 297303 3240 3403 8.35786
404 8.469 8.567 0.0113 298792 3240 3403 8.62429
406 8.472 8.569 0.0113 300363 3240 3403 9.09923
408 8.475 8.572 0.0112 301916 3240 3403 8.99498
410 8.477 8.573 0.0112 303443 3240 3403 8.84438
412 8.479 8.574 0.0111 304971 3240 3403 8.85018
414 8.482 8.577 0.0111 306545 3240 3403 9.11661
416 8.485 8.58 0.011 308138 3240 3403 9.22666
418 8.489 8.584 0.0109 309755 3240 3403 9.36566
420 8.494 8.588 0.0109 311396 3240 3403 9.50467
422 8.5 8.593 0.0108 313058 3240 3403 9.6263
424 8.505 8.598 0.0108 314728 3240 3403 9.67264
426 8.499 8.595 0.0112 316112 3390 3558 8.01613
428 8.497 8.593 0.0112 317510 3390 3558 8.09722
430 8.495 8.59 0.0111 318899 3390 3558 8.04509
432 8.494 8.59 0.0111 320350 3390 3558 8.40419
434 8.496 8.591 0.011 321875 3390 3558 8.8328
436 8.498 8.593 0.011 323438 3390 3558 9.0529
438 8.501 8.596 0.0109 325022 3390 3558 9.17453
440 8.505 8.599 0.0108 326633 3390 3558 9.33091
442 8.51 8.603 0.0108 328288 3390 3558 9.58576
444 8.515 8.608 0.0107 329959 3390 3558 9.67843
446 8.512 8.608 0.0111 331455 3524 3694 8.66483
448 8.509 8.605 0.011 332807 3524 3694 7.83078
450 8.509 8.604 0.011 334266 3524 3694 8.45053
452 8.511 8.606 0.0109 335825 3524 3694 9.02973
454 8.516 8.61 0.0109 337463 3524 3694 9.4873
456 8.521 8.614 0.0108 339125 3524 3694 9.6263
458 8.519 8.616 0.0112 340667 3646 3826 8.93126
460 8.517 8.613 0.0111 342039 3646 3826 7.94662
462 8.517 8.613 0.0111 343522 3646 3826 8.58954
464 8.519 8.615 0.011 345083 3646 3826 9.04131
466 8.523 8.618 0.011 346710 3646 3826 9.42358
468 8.528 8.622 0.0109 348370 3646 3826 9.61472
470 8.527 8.624 0.0112 349942 3771 3951 9.10502
472 8.522 8.619 0.0112 351208 3771 3951 7.33267
474 8.516 8.612 0.0112 352423 3771 3951 7.03728
476 8.512 8.609 0.0111 353754 3771 3951 7.70915
478 8.512 8.607 0.0111 355192 3771 3951 8.3289
480 8.513 8.609 0.011 356732 3771 3951 8.91968
482 8.517 8.612 0.011 358350 3771 3951 9.37146
484 8.522 8.616 0.0109 360017 3771 3951 9.65526
486 8.518 8.617 0.0115 361563 4006 4186 8.95443
488 8.515 8.615 0.0115 362938 4006 4186 7.964
490 8.515 8.614 0.0114 364398 4006 4186 8.45632
492 8.517 8.615 0.0114 365929 4006 4186 8.86755
494 8.518 8.616 0.0113 367450 4006 4186 8.80963
496 8.52 8.617 0.0113 369000 4006 4186 8.9776
498 8.522 8.619 0.0112 370556 4006 4186 9.01235
500 8.524 8.621 0.0112 372148 4006 4186 9.22086
502 8.528 8.625 0.0111 373772 4006 4186 9.40621
504 8.532 8.628 0.0111 375416 4006 4186 9.52205
506 8.536 8.632 0.0111 377081 4006 4186 9.64368
508 8.536 8.634 0.0113 378651 4127 4307 9.09344
510 8.533 8.631 0.0113 379992 4127 4307 7.76707
512 8.531 8.629 0.0112 381408 4127 4307 8.20147
514 8.531 8.628 0.0112 382877 4127 4307 8.50845
516 8.532 8.629 0.0112 384375 4127 4307 8.67642
518 8.534 8.63 0.0111 385931 4127 4307 9.01235
520 8.537 8.633 0.0111 387532 4127 4307 9.27299
522 8.539 8.635 0.011 389131 4127 4307 9.26141
524 8.542 8.638 0.011 390740 4127 4307 9.31933
526 8.546 8.641 0.0109 392392 4127 4307 9.56838
528 8.55 8.645 0.0109 394061 4127 4311 9.66685
530 8.545 8.643 0.0113 395456 4305 4492 8.07984
532 8.542 8.64 0.0113 396831 4305 4492 7.964
534 8.541 8.638 0.0112 398229 4305 4492 8.09722
536 8.54 8.637 0.0112 399676 4305 4492 8.38102
538 8.541 8.637 0.0111 401174 4305 4492 8.67642
540 8.543 8.639 0.0111 402743 4305 4492 9.08765
542 8.546 8.642 0.0111 404383 4305 4492 9.49888
544 8.55 8.646 0.011 406051 4305 4492 9.66106
546 8.547 8.647 0.0115 407589 4536 4723 8.9081
548 8.544 8.644 0.0115 408937 4536 4723 7.80762
550 8.542 8.642 0.0115 410321 4536 4723 8.01613
552 8.542 8.641 0.0114 411801 4536 4723 8.57216
554 8.544 8.642 0.0114 413347 4536 4723 8.95443
556 8.546 8.644 0.0113 414920 4536 4723 9.11082
558 8.549 8.647 0.0113 416546 4536 4723 9.41779
560 8.552 8.65 0.0112 418195 4536 4723 9.55101
562 8.556 8.654 0.0112 419864 4536 4723 9.66685
564 8.557 8.657 0.0115 421498 4657 4851 9.46413
566 8.554 8.654 0.0115 422840 4670 4866 7.77286
568 8.553 8.652 0.0114 424282 4670 4866 8.35206
570 8.554 8.653 0.0114 425803 4670 4866 8.80963
572 8.557 8.656 0.0113 427421 4670 4866 9.37146
574 8.561 8.659 0.0113 429089 4670 4866 9.66106
576 8.565 8.663 0.0112 430759 4670 4866 9.67264
578 8.557 8.659 0.0118 432094 4909 5116 7.73232
580 8.555 8.657 0.0118 433495 4909 5116 8.11459
582 8.555 8.657 0.0117 434957 4909 5116 8.4679
584 8.556 8.658 0.0117 436493 4909 5116 8.89651
586 8.558 8.659 0.0116 438056 4909 5116 9.0529
588 8.561 8.661 0.0116 439675 4909 5116 9.37725
590 8.563 8.664 0.0115 441284 4909 5116 9.31933
592 8.566 8.667 0.0115 442929 4909 5116 9.52784
594 8.562 8.664 0.0117 444289 5027 5234 7.87712
596 8.559 8.661 0.0117 445627 5027 5234 7.7497
598 8.558 8.659 0.0117 447027 5027 5234 8.1088
