0-Time  1-AverageGoodput  2-AverageThroughput  3-AveragePlr  4-AccumAggregTxPkts  5-AccumAggregLostPkts  6-AccumRetransPkts  7-Instantanous Throughput 
0.001 0 0 0 0 0 0 0
2 4.344 4.413 0.0157 762 10 12 4.41571
4 6.017 6.052 0.0057 2090 10 12 7.69178
6 7.201 7.224 0.0032 3742 10 12 9.56838
8 7.81 7.827 0.0022 5406 10 12 9.63789
10 8.178 8.192 0.0016 7072 10 12 9.64947
12 8.421 8.433 0.0013 8736 10 12 9.63789
14 8.595 8.605 0.0011 10400 10 12 9.63789
16 8.725 8.734 0.000994 12064 10 12 9.63789
18 8.828 8.836 0.000873 13730 10 12 9.64947
20 8.909 8.916 0.000779 15394 10 12 9.63789
22 8.975 8.981 0.000703 17058 10 12 9.63789
24 9.03 9.036 0.00064 18722 10 12 9.63789
26 9.077 9.082 0.000588 20386 10 12 9.63789
28 9.118 9.123 0.000544 22052 10 12 9.64947
30 9.152 9.157 0.000505 23716 10 12 9.63789
32 9.183 9.187 0.000472 25380 10 12 9.63789
34 9.209 9.214 0.000443 27044 10 12 9.63789
36 9.234 9.238 0.000417 28710 10 12 9.64947
38 9.255 9.259 0.000395 30374 10 12 9.63789
40 9.274 9.278 0.000374 32038 10 12 9.63789
42 9.292 9.295 0.000356 33702 10 12 9.63789
44 9.307 9.31 0.000339 35366 10 12 9.63789
46 9.322 9.325 0.000324 37032 10 12 9.64947
48 9.335 9.338 0.00031 38694 10 12 9.6263
50 9.347 9.35 0.000297 40360 10 12 9.64947
52 9.358 9.361 0.000285 42024 10 12 9.63789
54 9.369 9.372 0.000274 43690 10 12 9.64947
56 9.378 9.381 0.000264 45352 10 12 9.6263
58 9.388 9.39 0.000255 47018 10 12 9.64947
60 9.396 9.398 0.000246 48682 10 12 9.63789
62 9.404 9.406 0.000238 50346 10 12 9.63789
64 9.411 9.413 0.00023 52010 10 12 9.63789
66 9.418 9.42 0.000223 53676 10 12 9.64947
68 9.425 9.427 0.000216 55340 10 12 9.63789
70 9.431 9.433 0.00021 57004 10 12 9.63789
72 9.437 9.439 0.000204 58668 10 12 9.63789
74 9.442 9.444 0.000198 60334 10 12 9.64947
76 9.447 9.449 0.000193 61998 10 12 9.63789
78 9.452 9.454 0.000188 63662 10 12 9.63789
80 9.457 9.459 0.000183 65326 10 12 9.63789
82 9.462 9.463 0.000179 66992 10 12 9.64947
84 9.466 9.467 0.000174 68656 10 12 9.63789
86 9.47 9.471 0.00017 70320 10 12 9.63789
88 9.474 9.475 0.000166 71984 10 12 9.63789
90 9.478 9.479 0.000162 73650 10 12 9.64947
92 9.481 9.483 0.000159 75314 10 12 9.63789
94 9.484 9.486 0.000155 76978 10 12 9.63789
96 9.488 9.489 0.000152 78642 10 12 9.63789
98 9.491 9.492 0.000149 80306 10 12 9.63789
100 9.494 9.495 0.000146 81972 10 12 9.64947
102 9.497 9.498 0.000143 83636 10 12 9.63789
104 9.499 9.501 0.00014 85300 10 12 9.63789
106 9.502 9.503 0.000137 86964 10 12 9.63789
108 9.505 9.506 0.000135 88630 10 12 9.64947
110 9.507 9.508 0.000132 90294 10 12 9.63789
112 9.509 9.511 0.00013 91958 10 12 9.63789
114 9.512 9.513 0.000128 93622 10 12 9.63789
116 9.514 9.515 0.000125 95288 10 12 9.64947
118 9.516 9.517 0.000123 96952 10 12 9.63789
120 9.518 9.519 0.000121 98616 10 12 9.63789
122 9.52 9.521 0.000119 100280 10 12 9.63789
124 9.522 9.523 0.000117 101944 10 12 9.63789
126 9.524 9.525 0.000115 103610 10 12 9.64947
128 9.526 9.527 0.000113 105274 10 12 9.63789
130 9.527 9.528 0.000112 106938 10 12 9.63789
132 9.529 9.53 0.00011 108602 10 12 9.63789
134 9.531 9.532 0.000108 110268 10 12 9.64947
136 9.532 9.533 0.000107 111932 10 12 9.63789
138 9.534 9.535 0.000105 113596 10 12 9.63789
140 9.535 9.536 0.000104 115260 10 12 9.63789
142 9.537 9.538 0.000102 116924 10 12 9.63789
144 9.538 9.539 0.000101 118590 10 12 9.64947
146 9.54 9.541 9.97904e-05 120252 10 12 9.6263
148 9.541 9.542 9.84268e-05 121918 10 12 9.64947
150 9.542 9.543 9.71015e-05 123582 10 12 9.63789
152 9.544 9.545 9.58099e-05 125248 10 12 9.64947
154 9.545 9.546 9.45552e-05 126910 10 12 9.6263
156 9.546 9.547 9.333e-05 128576 10 12 9.64947
158 9.547 9.548 9.21376e-05 130240 10 12 9.63789
160 9.548 9.549 9.09753e-05 131904 10 12 9.63789
162 9.55 9.55 8.98419e-05 133568 10 12 9.63789
164 9.551 9.552 8.87351e-05 135234 10 12 9.64947
166 9.552 9.553 8.76565e-05 136898 10 12 9.63789
168 9.553 9.554 8.66038e-05 138562 10 12 9.63789
170 9.554 9.555 8.55761e-05 140226 10 12 9.63789
172 9.555 9.556 8.45714e-05 141892 10 12 9.64947
174 9.556 9.557 8.35911e-05 143556 10 12 9.63789
176 9.557 9.558 8.26332e-05 145220 10 12 9.63789
178 9.558 9.559 8.16971e-05 146884 10 12 9.63789
180 9.559 9.56 8.07809e-05 148550 10 12 9.64947
182 9.56 9.56 7.9886e-05 150214 10 12 9.63789
184 9.56 9.561 7.90108e-05 151878 10 12 9.63789
186 9.561 9.562 7.81545e-05 153542 10 12 9.63789
188 9.562 9.563 7.73156e-05 155208 10 12 9.64947
190 9.563 9.564 7.64955e-05 156872 10 12 9.63789
192 9.564 9.565 7.56926e-05 158536 10 12 9.63789
194 9.565 9.565 7.49064e-05 160200 10 12 9.63789
196 9.565 9.566 7.41363e-05 161864 10 12 9.63789
198 9.566 9.567 7.3381e-05 163530 10 12 9.64947
200 9.567 9.568 7.26419e-05 165194 10 12 9.63789
202 9.568 9.568 7.19174e-05 166858 10 12 9.63789
204 9.568 9.569 7.12073e-05 168522 10 12 9.63789
206 9.569 9.57 7.05103e-05 170188 10 12 9.64947
208 9.57 9.57 6.98275e-05 171852 10 12 9.63789
210 9.57 9.571 6.91579e-05 173516 10 12 9.63789
212 9.571 9.572 6.8501e-05 175180 10 12 9.63789
214 9.572 9.572 6.78564e-05 176844 10 12 9.63789
216 9.572 9.573 6.72231e-05 178510 10 12 9.64947
218 9.573 9.573 6.6603e-05 180172 10 12 9.6263
220 9.573 9.574 6.59928e-05 181838 10 12 9.64947
222 9.574 9.575 6.53944e-05 183502 10 12 9.63789
224 9.575 9.575 6.4806e-05 185168 10 12 9.64947
226 9.575 9.576 6.42295e-05 186830 10 12 9.6263
228 9.576 9.576 6.36618e-05 188496 10 12 9.64947
230 9.576 9.577 6.31048e-05 190160 10 12 9.63789
232 9.577 9.577 6.25573e-05 191824 10 12 9.63789
234 9.577 9.578 6.20194e-05 193488 10 12 9.63789
236 9.578 9.579 6.14899e-05 195154 10 12 9.64947
238 9.578 9.579 6.097e-05 196818 10 12 9.63789
240 9.579 9.58 6.04589e-05 198482 10 12 9.63789
242 9.579 9.58 5.99562e-05 200146 10 12 9.63789
244 9.58 9.581 5.94613e-05 201812 10 12 9.64947
246 9.581 9.581 5.8975e-05 203476 10 12 9.63789
248 9.581 9.582 5.84966e-05 205140 10 12 9.63789
250 9.581 9.582 5.8026e-05 206804 10 12 9.63789
252 9.582 9.583 5.75622e-05 208470 10 12 9.64947
254 9.582 9.583 5.71064e-05 210134 10 12 9.63789
256 9.583 9.583 5.66578e-05 211798 10 12 9.63789
258 9.583 9.584 5.62161e-05 213462 10 12 9.63789
260 9.584 9.584 5.57807e-05 215128 10 12 9.64947
262 9.584 9.585 5.53526e-05 216792 10 12 9.63789
264 9.585 9.585 5.4931e-05 218456 10 12 9.63789
266 9.585 9.585 5.45157e-05 220120 10 12 9.63789
268 9.585 9.586 5.41062e-05 221786 10 12 9.64947
270 9.586 9.586 5.37033e-05 223450 10 12 9.63789
272 9.586 9.587 5.33063e-05 225114 10 12 9.63789
274 9.587 9.587 5.29152e-05 226778 10 12 9.63789
276 9.587 9.587 5.25297e-05 228442 10 12 9.63789
278 9.587 9.588 5.21494e-05 230108 10 12 9.64947
280 9.588 9.588 5.1775e-05 231772 10 12 9.63789
282 9.588 9.589 5.1406e-05 233436 10 12 9.63789
284 9.588 9.589 5.10421e-05 235100 10 12 9.63789
286 9.589 9.589 5.0683e-05 236766 10 12 9.64947
288 9.589 9.59 5.03292e-05 238430 10 12 9.63789
290 9.59 9.59 4.99804e-05 240094 10 12 9.63789
292 9.59 9.59 4.96364e-05 241758 10 12 9.63789
294 9.59 9.591 4.92971e-05 243422 10 12 9.63789
296 9.591 9.591 4.8962e-05 245088 10 12 9.64947
298 9.591 9.591 4.86318e-05 246752 10 12 9.63789
300 9.591 9.592 4.83061e-05 248416 10 12 9.63789
302 9.592 9.592 4.79846e-05 250080 10 12 9.63789
304 9.592 9.592 4.76671e-05 251746 10 12 9.64947
306 9.592 9.593 4.73541e-05 253410 10 12 9.63789
308 9.592 9.593 4.70455e-05 255072 10 12 9.6263
310 9.593 9.593 4.67403e-05 256738 10 12 9.64947
312 9.593 9.594 4.64393e-05 258402 10 12 9.63789
314 9.593 9.594 4.61418e-05 260068 10 12 9.64947
316 9.594 9.594 4.58488e-05 261730 10 12 9.6263
318 9.594 9.594 4.55588e-05 263396 10 12 9.64947
320 9.594 9.595 4.52728e-05 265060 10 12 9.63789
322 9.595 9.595 4.499e-05 266726 10 12 9.64947
324 9.595 9.595 4.47114e-05 268388 10 12 9.6263
326 9.595 9.596 4.44356e-05 270054 10 12 9.64947
328 9.595 9.596 4.41634e-05 271718 10 12 9.63789
330 9.596 9.596 4.38946e-05 273382 10 12 9.63789
332 9.596 9.596 4.36291e-05 275046 10 12 9.63789
334 9.596 9.597 4.33664e-05 276712 10 12 9.64947
336 9.596 9.597 4.31072e-05 278376 10 12 9.63789
338 9.597 9.597 4.2851e-05 280040 10 12 9.63789
340 9.597 9.597 4.25979e-05 281704 10 12 9.63789
342 9.597 9.598 4.23475e-05 283370 10 12 9.64947
344 9.597 9.598 4.21002e-05 285034 10 12 9.63789
346 9.598 9.598 4.18559e-05 286698 10 12 9.63789
348 9.598 9.598 4.16144e-05 288362 10 12 9.63789
350 9.598 9.599 4.13753e-05 290028 10 12 9.64947
352 9.598 9.599 4.11393e-05 291692 10 12 9.63789
354 9.599 9.599 4.09059e-05 293356 10 12 9.63789
356 9.599 9.599 4.06752e-05 295020 10 12 9.63789
358 9.599 9.6 4.04468e-05 296686 10 12 9.64947
360 9.599 9.6 4.02212e-05 298350 10 12 9.63789
362 9.6 9.6 3.99981e-05 300014 10 12 9.63789
364 9.6 9.6 3.97775e-05 301678 10 12 9.63789
366 9.6 9.6 3.95593e-05 303342 10 12 9.63789
368 9.6 9.601 3.93432e-05 305008 10 12 9.64947
370 9.6 9.601 3.91298e-05 306672 10 12 9.63789
372 9.601 9.601 3.89186e-05 308336 10 12 9.63789
374 9.601 9.601 3.87097e-05 310000 10 12 9.63789
376 9.601 9.601 3.85028e-05 311666 10 12 9.64947
378 9.601 9.602 3.82983e-05 313330 10 12 9.63789
380 9.601 9.602 3.8096e-05 314994 10 12 9.63789
382 9.602 9.602 3.78958e-05 316658 10 12 9.63789
384 9.602 9.602 3.76977e-05 318322 10 12 9.63789
386 9.602 9.602 3.75014e-05 319988 10 12 9.64947
388 9.602 9.603 3.73076e-05 321650 10 12 9.6263
390 9.602 9.603 3.71154e-05 323316 10 12 9.64947
392 9.603 9.603 3.69253e-05 324980 10 12 9.63789
394 9.603 9.603 3.6737e-05 326646 10 12 9.64947
396 9.603 9.603 3.6551e-05 328308 10 12 9.6263
398 9.603 9.604 3.63665e-05 329974 10 12 9.64947
400 9.603 9.604 3.6184e-05 331638 10 12 9.63789
402 9.604 9.604 3.60034e-05 333302 10 12 9.63789
404 9.604 9.604 3.58245e-05 334966 10 12 9.63789
406 9.604 9.604 3.56472e-05 336632 10 12 9.64947
408 9.604 9.604 3.54719e-05 338296 10 12 9.63789
410 9.604 9.605 3.52983e-05 339960 10 12 9.63789
412 9.604 9.605 3.51263e-05 341624 10 12 9.63789
414 9.605 9.605 3.49559e-05 343290 10 12 9.64947
416 9.605 9.605 3.47872e-05 344954 10 12 9.63789
418 9.605 9.605 3.46202e-05 346618 10 12 9.63789
420 9.605 9.605 3.44548e-05 348282 10 12 9.63789
422 9.605 9.606 3.42908e-05 349948 10 12 9.64947
424 9.605 9.606 3.41285e-05 351612 10 12 9.63789
426 9.606 9.606 3.39678e-05 353276 10 12 9.63789
428 9.606 9.606 3.38085e-05 354940 10 12 9.63789
430 9.606 9.606 3.36506e-05 356606 10 12 9.64947
432 9.606 9.606 3.34943e-05 358270 10 12 9.63789
434 9.606 9.607 3.33394e-05 359934 10 12 9.63789
436 9.606 9.607 3.3186e-05 361598 10 12 9.63789
438 9.607 9.607 3.30338e-05 363264 10 12 9.64947
440 9.607 9.607 3.28832e-05 364928 10 12 9.63789
442 9.607 9.607 3.27339e-05 366592 10 12 9.63789
444 9.607 9.607 3.2586e-05 368256 10 12 9.63789
446 9.607 9.607 3.24394e-05 369920 10 12 9.63789
448 9.607 9.608 3.2294e-05 371586 10 12 9.64947
450 9.607 9.608 3.215e-05 373250 10 12 9.63789
452 9.608 9.608 3.20073e-05 374914 10 12 9.63789
454 9.608 9.608 3.18659e-05 376578 10 12 9.63789
456 9.608 9.608 3.17256e-05 378244 10 12 9.64947
458 9.608 9.608 3.15866e-05 379908 10 12 9.63789
460 9.608 9.608 3.14488e-05 381572 10 12 9.63789
462 9.608 9.609 3.13123e-05 383236 10 12 9.63789
464 9.608 9.609 3.11769e-05 384900 10 12 9.63789
466 9.609 9.609 3.10426e-05 386566 10 12 9.64947
468 9.609 9.609 3.09095e-05 388230 10 12 9.63789
470 9.609 9.609 3.07776e-05 389894 10 12 9.63789
472 9.609 9.609 3.06468e-05 391558 10 12 9.63789
474 9.609 9.609 3.0517e-05 393224 10 12 9.64947
476 9.609 9.61 3.03884e-05 394888 10 12 9.63789
478 9.609 9.61 3.0261e-05 396550 10 12 9.6263
480 9.609 9.61 3.01344e-05 398216 10 12 9.64947
482 9.61 9.61 3.0009e-05 399880 10 12 9.63789
484 9.61 9.61 2.98845e-05 401546 10 12 9.64947
486 9.61 9.61 2.97613e-05 403208 10 12 9.6263
488 9.61 9.61 2.96389e-05 404874 10 12 9.64947
490 9.61 9.61 2.95175e-05 406538 10 12 9.63789
492 9.61 9.611 2.93971e-05 408204 10 12 9.64947
494 9.61 9.611 2.92779e-05 409866 10 12 9.6263
496 9.61 9.611 2.91593e-05 411532 10 12 9.64947
498 9.611 9.611 2.90419e-05 413196 10 12 9.63789
500 9.611 9.611 2.89254e-05 414860 10 12 9.63789
502 9.611 9.611 2.88099e-05 416524 10 12 9.63789
504 9.611 9.611 2.86951e-05 418190 10 12 9.64947
506 9.611 9.611 2.85814e-05 419854 10 12 9.63789
508 9.611 9.611 2.84685e-05 421518 10 12 9.63789
510 9.611 9.612 2.83566e-05 423182 10 12 9.63789
512 9.611 9.612 2.82454e-05 424848 10 12 9.64947
514 9.612 9.612 2.81352e-05 426512 10 12 9.63789
516 9.612 9.612 2.80259e-05 428176 10 12 9.63789
518 9.612 9.612 2.79174e-05 429840 10 12 9.63789
520 9.612 9.612 2.78096e-05 431506 10 12 9.64947
522 9.612 9.612 2.77027e-05 433170 10 12 9.63789
524 9.612 9.612 2.75967e-05 434834 10 12 9.63789
526 9.612 9.612 2.74915e-05 436498 10 12 9.63789
528 9.612 9.613 2.7387e-05 438164 10 12 9.64947
530 9.612 9.613 2.72834e-05 439828 10 12 9.63789
532 9.612 9.613 2.71806e-05 441492 10 12 9.63789
534 9.613 9.613 2.70785e-05 443156 10 12 9.63789
536 9.613 9.613 2.69772e-05 444820 10 12 9.63789
538 9.613 9.613 2.68765e-05 446486 10 12 9.64947
540 9.613 9.613 2.67767e-05 448150 10 12 9.63789
542 9.613 9.613 2.66777e-05 449814 10 12 9.63789
544 9.613 9.613 2.65794e-05 451478 10 12 9.63789
546 9.613 9.613 2.64816e-05 453144 10 12 9.64947
548 9.613 9.614 2.63848e-05 454808 10 12 9.63789
550 9.613 9.614 2.62886e-05 456472 10 12 9.63789
552 9.613 9.614 2.61931e-05 458136 10 12 9.63789
554 9.614 9.614 2.60983e-05 459800 10 12 9.63789
556 9.614 9.614 2.60041e-05 461466 10 12 9.64947
558 9.614 9.614 2.59108e-05 463128 10 12 9.6263
560 9.614 9.614 2.58179e-05 464794 10 12 9.64947
562 9.614 9.614 2.57258e-05 466458 10 12 9.63789
564 9.614 9.614 2.56342e-05 468124 10 12 9.64947
566 9.614 9.614 2.55435e-05 469786 10 12 9.6263
568 9.614 9.614 2.54533e-05 471452 10 12 9.64947
570 9.614 9.615 2.53638e-05 473116 10 12 9.63789
572 9.614 9.615 2.52748e-05 474782 10 12 9.64947
574 9.614 9.615 2.51866e-05 476444 10 12 9.6263
576 9.615 9.615 2.50988e-05 478110 10 12 9.64947
578 9.615 9.615 2.50118e-05 479774 10 12 9.63789
580 9.615 9.615 2.49253e-05 481438 10 12 9.63789
582 9.615 9.615 2.48395e-05 483102 10 12 9.63789
584 9.615 9.615 2.47541e-05 484768 10 12 9.64947
586 9.615 9.615 2.46694e-05 486432 10 12 9.63789
588 9.615 9.615 2.45853e-05 488096 10 12 9.63789
590 9.615 9.615 2.45018e-05 489760 10 12 9.63789
592 9.615 9.616 2.44187e-05 491426 10 12 9.64947
594 9.615 9.616 2.43363e-05 493090 10 12 9.63789
596 9.615 9.616 2.42545e-05 494754 10 12 9.63789
598 9.615 9.616 2.41732e-05 496418 10 12 9.63789
