0-Time  1-AverageGoodput  2-AverageThroughput  3-AveragePlr  4-AccumAggregTxPkts  5-AccumAggregLostPkts  6-AccumRetransPkts  7-Instantanous Throughput 
0.001 0 0 0 0 0 0 0
2 12.232 12.232 0 2112 0 0 12.2388
4 7.703 11.152 0.3092 3851 1165 1191 10.0723
6 6.359 10.518 0.3953 5448 2113 2154 9.24982
8 7.115 10.414 0.3167 7192 2235 2278 10.1012
10 7.655 10.294 0.2563 8887 2235 2278 9.81744
12 8 10.199 0.2155 10566 2235 2278 9.72477
14 7.887 10.001 0.2114 12088 2421 2556 8.81542
16 7.728 10.024 0.229 13846 2864 3171 10.1823
18 8.001 10.042 0.2032 15605 2864 3171 10.1881
20 7.684 9.907 0.2244 17106 3295 3839 8.69379
22 7.899 9.92 0.2037 18841 3295 3839 10.0491
24 8.051 9.904 0.187 20521 3295 3839 9.73056
26 8.185 9.896 0.1728 22212 3295 3839 9.79427
28 8.333 9.921 0.16 23981 3295 3839 10.246
30 8.015 9.866 0.1876 25553 3923 4794 9.10502
32 8.166 9.902 0.1752 27354 3923 4794 10.4314
34 7.896 9.837 0.1973 28874 4421 5697 8.80384
36 8.017 9.85 0.186 30613 4421 5697 10.0723
38 8.11 9.846 0.1763 32301 4421 5697 9.7769
40 8.192 9.842 0.1676 33985 4421 5697 9.75373
42 8.286 9.858 0.1593 35743 4421 5697 10.1823
44 8.062 9.819 0.1789 37297 5006 6674 9.00077
46 8.164 9.845 0.1707 39097 5006 6674 10.4256
48 7.989 9.819 0.1863 40690 5776 7584 9.22666
50 8.035 9.81 0.1809 42344 5853 7661 9.57997
52 8.104 9.811 0.1739 44042 5853 7661 9.83482
54 8.174 9.817 0.1673 45766 5853 7661 9.98541
56 8.093 9.793 0.1736 47346 6166 8221 9.15136
58 8.09 9.811 0.1753 49125 6422 8616 10.304
60 8.15 9.818 0.1698 50855 6442 8639 10.0202
62 8.031 9.79 0.1796 52401 7160 9413 8.95443
64 8.091 9.795 0.1739 54119 7160 9413 9.95066
66 8.14 9.792 0.1687 55795 7160 9413 9.70739
68 8.192 9.796 0.1636 57505 7160 9413 9.90432
70 8.155 9.771 0.1653 59049 7445 9766 8.94285
72 8.128 9.792 0.1699 60868 7977 10346 10.5356
74 8.128 9.777 0.1686 62459 8163 10532 9.21507
76 8.077 9.778 0.1739 64153 8604 11159 9.81165
78 8.123 9.78 0.1694 65857 8604 11159 9.86957
80 8.162 9.778 0.1652 67532 8604 11159 9.7016
82 8.207 9.783 0.1611 69258 8604 11159 9.99699
84 8.138 9.769 0.167 70844 9257 11832 9.18611
86 8.143 9.778 0.1672 72596 9537 12142 10.1476
88 8.186 9.785 0.1633 74336 9537 12142 10.0781
90 8.117 9.763 0.1685 75856 10011 12788 8.80384
92 8.16 9.77 0.1648 77596 10011 12788 10.0781
94 8.193 9.769 0.1613 79275 10011 12788 9.72477
96 8.226 9.769 0.1579 80966 10011 12788 9.79427
98 8.267 9.779 0.1545 82734 10012 12789 10.2403
100 8.169 9.766 0.1635 84313 10690 13787 9.14557
102 8.211 9.777 0.1601 86093 10690 13787 10.3098
104 8.13 9.759 0.1669 87621 11318 14624 8.85018
106 8.162 9.76 0.1637 89312 11318 14624 9.79427
108 8.193 9.761 0.1606 91012 11318 14624 9.8464
110 8.23 9.77 0.1576 92783 11318 14624 10.2576
112 8.163 9.759 0.1635 94355 11937 15429 9.10502
114 8.196 9.772 0.1612 96170 11995 15503 10.5125
116 8.119 9.769 0.1689 97832 12677 16526 9.6263
118 8.131 9.755 0.1665 99378 12686 16549 8.95443
120 8.16 9.758 0.1637 101088 12686 16549 9.90432
122 8.197 9.769 0.1608 102886 12686 16549 10.414
124 8.131 9.769 0.1676 104575 13522 17533 9.78269
126 8.133 9.765 0.167 106219 13653 17746 9.52205
128 8.163 9.769 0.1643 107952 13653 17746 10.0375
130 8.099 9.754 0.1696 109471 14168 18577 8.79805
132 8.13 9.76 0.167 111225 14168 18577 10.1592
134 8.154 9.76 0.1645 112908 14168 18577 9.74794
136 8.178 9.761 0.1621 114598 14168 18577 9.78848
138 8.17 9.749 0.162 116151 14299 18819 8.99498
140 8.134 9.756 0.1662 117908 14870 19602 10.1765
142 8.162 9.761 0.1638 119658 14870 19602 10.136
144 8.131 9.749 0.166 121198 15104 20121 8.91968
146 8.151 9.755 0.1644 122959 15150 20217 10.1997
148 8.175 9.758 0.1621 124673 15150 20217 9.92749
150 8.152 9.747 0.1636 126216 15515 20651 8.93706
152 8.173 9.756 0.1622 128023 15628 20772 10.4661
154 8.131 9.744 0.1655 129551 16058 21444 8.85018
156 8.149 9.751 0.1642 131316 16163 21574 10.2229
158 8.169 9.751 0.1622 133006 16163 21574 9.78848
160 8.189 9.751 0.1601 134691 16163 21574 9.75952
162 8.206 9.751 0.1584 136378 16202 21614 9.7711
164 8.163 9.749 0.1626 138026 16952 22452 9.54522
166 8.188 9.754 0.1606 139789 16952 22452 10.2113
168 8.135 9.744 0.1651 141324 17467 23333 8.89072
170 8.156 9.746 0.1631 143033 17467 23333 9.89853
172 8.174 9.746 0.1612 144710 17467 23333 9.71318
174 8.194 9.747 0.1593 146421 17467 23333 9.91011
176 8.183 9.74 0.1598 147984 17689 23649 9.0529
178 8.168 9.75 0.1622 149821 18295 24310 10.6399
180 8.155 9.74 0.1627 151347 18558 24627 8.83859
182 8.141 9.745 0.1645 153107 19002 25190 10.1939
184 8.159 9.745 0.1627 154802 19002 25190 9.81744
186 8.176 9.745 0.1609 156475 19002 25190 9.69002
188 8.196 9.748 0.1592 158217 19002 25190 10.0897
190 8.149 9.745 0.1638 159848 19777 26186 9.44675
192 8.161 9.745 0.1624 161526 19831 26247 9.71898
194 8.181 9.748 0.1607 163260 19831 26247 10.0433
196 8.156 9.739 0.1625 164796 20184 26782 8.89651
198 8.169 9.748 0.1619 166624 20383 26983 10.5878
200 8.154 9.738 0.1626 168137 20666 27350 8.7633
202 8.148 9.742 0.1636 169895 20977 27800 10.1823
204 8.164 9.743 0.162 171583 20977 27800 9.7769
206 8.179 9.742 0.1604 173261 20977 27800 9.71898
208 8.198 9.746 0.1588 175010 20977 27800 10.1302
210 8.153 9.739 0.1628 176565 21539 28760 9.00656
212 8.176 9.747 0.1612 178398 21543 28764 10.6167
214 8.138 9.739 0.1644 179930 22033 29583 8.87334
216 8.156 9.742 0.1628 181665 22033 29583 10.0491
218 8.17 9.742 0.1613 183339 22033 29583 9.69581
220 8.185 9.743 0.1598 185038 22033 29583 9.84061
222 8.198 9.745 0.1587 186762 22084 29644 9.98541
224 8.165 9.743 0.1619 188410 22706 30509 9.54522
226 8.178 9.744 0.1607 190115 22728 30559 9.87536
228 8.148 9.74 0.1634 191717 23120 31335 9.27878
230 8.163 9.741 0.162 193422 23120 31335 9.87536
232 8.176 9.741 0.1606 195099 23120 31335 9.71318
234 8.191 9.743 0.1592 196815 23120 31335 9.93907
236 8.172 9.738 0.1607 198398 23560 31893 9.16874
238 8.169 9.741 0.1614 200153 23941 32309 10.165
240 8.184 9.744 0.16 201885 23941 32309 10.0317
242 8.168 9.742 0.1616 203535 24465 32892 9.5568
244 8.15 9.739 0.1631 205152 24834 33473 9.36566
246 8.168 9.745 0.1618 206957 24852 33491 10.4546
248 8.171 9.742 0.1612 208584 24929 33633 9.42358
250 8.153 9.746 0.1633 210342 25539 34369 10.1823
252 8.169 9.748 0.162 212081 25540 34370 10.0723
254 8.134 9.741 0.1649 213599 25922 35236 8.79226
256 8.148 9.743 0.1636 215316 25922 35236 9.94486
258 8.161 9.743 0.1623 217007 25922 35236 9.79427
260 8.178 9.748 0.161 218796 25922 35236 10.3619
262 8.146 9.744 0.164 220393 26732 36145 9.24982
264 8.162 9.748 0.1626 222170 26732 36145 10.2924
266 8.127 9.742 0.1657 223704 27244 37085 8.88493
268 8.14 9.743 0.1645 225423 27244 37085 9.95645
270 8.152 9.743 0.1632 227098 27244 37085 9.7016
272 8.164 9.744 0.162 228803 27244 37085 9.87536
274 8.159 9.739 0.1622 230362 27448 37374 9.02973
276 8.151 9.745 0.1635 232191 27966 37973 10.5936
278 8.148 9.74 0.1634 233758 28078 38216 9.07606
280 8.134 9.742 0.165 235478 28422 38868 9.96224
282 8.146 9.742 0.1638 237176 28422 38868 9.83482
284 8.157 9.742 0.1627 238852 28422 38868 9.70739
286 8.17 9.744 0.1615 240585 28422 38868 10.0375
288 8.143 9.739 0.1639 242153 29190 39702 9.08186
290 8.154 9.745 0.1632 243971 29301 39839 10.5299
292 8.133 9.739 0.1648 245497 29899 40480 8.83859
294 8.14 9.741 0.1643 247243 29976 40646 10.1128
296 8.151 9.741 0.1632 248925 29976 40646 9.74214
298 8.161 9.741 0.1621 250613 29976 40646 9.7769
300 8.175 9.745 0.161 252377 29976 40646 10.2171
302 8.147 9.741 0.1636 253971 30693 41568 9.23245
304 8.161 9.745 0.1625 255747 30693 41568 10.2866
306 8.134 9.739 0.1648 257287 31341 42416 8.91968
308 8.145 9.74 0.1637 258996 31341 42416 9.89853
310 8.155 9.74 0.1627 260673 31341 42416 9.71318
312 8.166 9.741 0.1616 262381 31341 42416 9.89274
314 8.161 9.737 0.1617 263939 31626 42701 9.02394
316 8.152 9.742 0.1631 265771 32229 43370 10.6109
318 8.145 9.737 0.1634 267300 32548 43693 8.85597
320 8.137 9.739 0.1645 269060 33024 44278 10.1939
322 8.147 9.74 0.1635 270754 33024 44278 9.81165
324 8.157 9.74 0.1625 272432 33024 44278 9.71898
326 8.168 9.742 0.1614 274169 33024 44278 10.0607
328 8.142 9.737 0.1638 275729 33799 45180 9.03552
330 8.156 9.743 0.1628 277560 33826 45214 10.6052
332 8.133 9.737 0.1647 279090 34409 45990 8.86176
334 8.144 9.739 0.1637 280831 34412 45995 10.0839
336 8.154 9.739 0.1628 282511 34412 45995 9.73056
338 8.163 9.74 0.1618 284203 34412 45995 9.80006
340 8.174 9.742 0.1609 285947 34443 46032 10.1012
342 8.149 9.74 0.1632 287568 35124 46952 9.38883
344 8.161 9.742 0.1623 289327 35139 46976 10.1881
346 8.138 9.738 0.1643 290876 35861 47803 8.97181
348 8.148 9.739 0.1633 292583 35861 47803 9.88694
350 8.156 9.739 0.1624 294259 35861 47803 9.70739
352 8.167 9.74 0.1615 295972 35861 47803 9.9217
354 8.158 9.735 0.162 297525 36068 48217 8.99498
356 8.154 9.741 0.1628 299364 36503 48748 10.6515
358 8.145 9.735 0.1633 300886 36897 49142 8.81542
360 8.142 9.738 0.1639 302648 37176 49609 10.2055
362 8.151 9.738 0.163 304339 37176 49609 9.79427
364 8.16 9.738 0.1621 306018 37176 49609 9.72477
366 8.17 9.74 0.1611 307763 37176 49609 10.107
368 8.145 9.737 0.1634 309328 37966 50556 9.06448
370 8.158 9.741 0.1624 311144 37967 50558 10.5183
372 8.136 9.736 0.1643 312670 38695 51394 8.83859
374 8.146 9.738 0.1634 314410 38695 51394 10.0781
376 8.154 9.738 0.1625 316085 38695 51394 9.7016
378 8.163 9.738 0.1617 317781 38695 51394 9.82323
380 8.171 9.739 0.1609 319484 38714 51421 9.86378
382 8.15 9.738 0.1631 321152 39491 52389 9.66106
384 8.159 9.74 0.1623 322885 39515 52413 10.0375
386 8.136 9.736 0.1643 324454 40237 53329 9.08765
388 8.145 9.737 0.1635 326167 40237 53329 9.9217
390 8.153 9.737 0.1626 327839 40237 53329 9.68422
392 8.162 9.738 0.1618 329554 40237 53329 9.93328
394 8.157 9.734 0.162 331109 40311 53667 9.00656
396 8.151 9.739 0.163 332942 40806 54281 10.6167
398 8.145 9.734 0.1632 334469 41130 54606 8.84438
400 8.139 9.737 0.164 336231 41629 55173 10.2055
402 8.147 9.737 0.1632 337925 41629 55173 9.81165
404 8.155 9.737 0.1624 339603 41629 55173 9.71898
406 8.164 9.739 0.1616 341342 41629 55173 10.0723
408 8.142 9.735 0.1636 342906 42415 56103 9.05869
410 8.153 9.739 0.1628 344725 42447 56137 10.5356
412 8.132 9.735 0.1645 346241 43109 56985 8.78067
414 8.14 9.737 0.1639 347991 43154 57059 10.136
416 8.148 9.736 0.1631 349667 43154 57059 9.70739
418 8.155 9.737 0.1623 351360 43154 57059 9.80586
420 8.166 9.739 0.1615 353136 43154 57059 10.2866
422 8.146 9.737 0.1634 354729 43886 57973 9.22666
424 8.155 9.739 0.1626 356493 43904 57991 10.2171
426 8.136 9.736 0.1643 358043 44435 58832 8.9776
428 8.144 9.736 0.1635 359753 44435 58832 9.90432
430 8.151 9.736 0.1627 361426 44435 58832 9.69002
432 8.159 9.737 0.162 363141 44435 58832 9.93328
434 8.152 9.734 0.1625 364701 44667 59273 9.03552
436 8.15 9.738 0.163 366535 45085 59771 10.6225
438 8.141 9.734 0.1636 368066 45432 60240 8.86755
440 8.139 9.736 0.164 369824 45710 60661 10.1823
442 8.146 9.736 0.1632 371510 45710 60661 9.76531
444 8.153 9.736 0.1625 373188 45710 60661 9.71898
446 8.162 9.738 0.1617 374942 45710 60661 10.1592
448 8.142 9.736 0.1636 376540 46379 61625 9.25562
450 8.152 9.738 0.1628 378327 46379 61625 10.3503
452 8.132 9.735 0.1646 379864 47234 62551 8.9023
454 8.14 9.736 0.1639 381590 47234 62551 9.99699
456 8.147 9.736 0.1632 383261 47234 62551 9.67843
458 8.154 9.736 0.1624 384963 47234 62551 9.85798
460 8.158 9.735 0.162 386600 47298 62631 9.4815
462 8.144 9.737 0.1635 388339 47821 63526 10.0723
464 8.149 9.736 0.163 390015 47873 63578 9.70739
466 8.136 9.735 0.1642 391641 48437 64342 9.41779
468 8.143 9.736 0.1635 393342 48437 64342 9.85219
470 8.15 9.735 0.1628 395019 48437 64342 9.71318
472 8.157 9.736 0.1621 396739 48437 64342 9.96224
474 8.146 9.734 0.1631 398310 48872 64976 9.09923
476 8.147 9.737 0.1632 400122 49180 65318 10.4951
478 8.14 9.733 0.1636 401640 49351 65739 8.79226
480 8.14 9.735 0.1638 403401 49692 66093 10.1997
482 8.147 9.735 0.1631 405086 49692 66093 9.75952
484 8.153 9.735 0.1624 406770 49692 66093 9.75373
486 8.161 9.737 0.1617 408519 49692 66093 10.1302
488 8.144 9.735 0.1634 410117 50510 67023 9.25562
490 8.153 9.737 0.1627 411902 50510 67023 10.3387
492 8.137 9.734 0.164 413436 51205 67834 8.88493
494 8.144 9.735 0.1633 415161 51205 67834 9.9912
496 8.15 9.735 0.1627 416836 51205 67834 9.7016
498 8.157 9.735 0.162 418532 51205 67834 9.82323
500 8.161 9.734 0.1616 420186 51285 67914 9.57997
502 8.148 9.735 0.163 421910 52026 68795 9.98541
504 8.152 9.735 0.1625 423584 52082 68871 9.69581
506 8.139 9.734 0.1638 425211 52674 69652 9.42358
508 8.146 9.734 0.1631 426914 52674 69652 9.86378
510 8.152 9.734 0.1625 428592 52674 69652 9.71898
512 8.159 9.735 0.1618 430313 52674 69652 9.96803
514 8.15 9.733 0.1625 431884 53212 70212 9.09923
516 8.151 9.736 0.1628 433707 53562 70614 10.5588
518 8.141 9.733 0.1634 435230 54018 71156 8.82122
520 8.142 9.734 0.1635 436983 54245 71474 10.1534
522 8.148 9.734 0.1629 438667 54245 71474 9.75373
524 8.154 9.734 0.1623 440348 54245 71474 9.73635
526 8.162 9.736 0.1616 442105 54245 71474 10.1765
528 8.145 9.734 0.1632 443707 55131 72448 9.27878
530 8.153 9.737 0.1626 445497 55131 72448 10.3677
532 8.137 9.733 0.164 447037 55959 73331 8.91968
534 8.144 9.734 0.1634 448759 55959 73331 9.97382
536 8.149 9.734 0.1628 450431 55959 73331 9.68422
538 8.156 9.735 0.1621 452132 55959 73331 9.85219
540 8.158 9.734 0.1618 453772 56040 73433 9.49888
542 8.147 9.734 0.163 455462 56610 74272 9.78848
544 8.154 9.736 0.1624 457218 56610 74272 10.1708
546 8.149 9.733 0.1626 458762 56743 74622 8.94285
548 8.151 9.734 0.1626 460512 56908 74888 10.136
550 8.158 9.735 0.162 462225 56908 74888 9.9217
552 8.162 9.734 0.1615 463873 56937 74932 9.54522
554 8.156 9.734 0.1621 465564 57451 75484 9.79427
556 8.155 9.733 0.162 467162 57672 75705 9.25562
558 8.147 9.734 0.1629 468889 58358 76428 10.0028
560 8.153 9.734 0.1624 470601 58358 76428 9.9159
562 8.159 9.734 0.1618 472279 58358 76428 9.71898
564 8.165 9.735 0.1612 474003 58358 76428 9.98541
566 8.151 9.733 0.1625 475577 58934 77285 9.11661
568 8.158 9.735 0.1619 477346 58934 77285 10.246
570 8.144 9.736 0.1634 479073 59357 78327 10.0028
572 8.138 9.732 0.1637 480574 59525 78690 8.69379
574 8.145 9.733 0.1631 482296 59525 78690 9.97382
576 8.151 9.734 0.1625 484030 59525 78690 10.0433
578 8.155 9.734 0.1622 485708 59577 78788 9.71898
580 8.147 9.735 0.163 487444 59970 79496 10.0549
582 8.145 9.732 0.1631 488981 60102 79762 8.9023
584 8.139 9.734 0.1638 490737 60581 80400 10.1708
586 8.145 9.734 0.1632 492432 60581 80400 9.81744
588 8.15 9.734 0.1627 494112 60581 80400 9.73056
590 8.156 9.735 0.1621 495845 60581 80400 10.0375
592 8.14 9.732 0.1635 497403 61398 81363 9.02394
594 8.148 9.735 0.163 499230 61409 81376 10.582
596 8.136 9.732 0.1639 500747 61921 82106 8.78646
598 8.142 9.733 0.1635 502496 61983 82168 10.1302
