0-Time  1-AverageGoodput  2-AverageThroughput  3-AveragePlr  4-AccumAggregTxPkts  5-AccumAggregLostPkts  6-AccumRetransPkts  7-Instantanous Throughput 
0.001 0 0 0 0 0 0 0
2 9.458 9.458 0 1633 0 0 9.46307
4 11.98 11.98 0 4137 0 0 14.5032
6 12.819 12.819 0 6640 0 0 14.4974
8 9.986 11.019 0.0936 7610 381 713 5.61824
10 8.342 11.109 0.249 9590 1857 2388 11.4682
12 8.153 10.748 0.2414 11135 1857 2689 8.94864
14 8.29 10.514 0.2115 12708 1857 2689 9.11082
16 8.462 10.409 0.187 14378 1857 2689 9.67264
18 8.597 10.328 0.1675 16049 1857 2689 9.67843
20 8.704 10.262 0.1517 17718 1857 2689 9.66685
22 8.791 10.207 0.1387 19386 1857 2689 9.66106
24 8.863 10.161 0.1277 21053 1857 2689 9.65526
26 8.926 10.124 0.1183 22724 1857 2689 9.67843
28 8.98 10.092 0.1102 24395 1857 2689 9.67843
30 9.024 10.062 0.1031 26060 1857 2689 9.64368
32 9.065 10.038 0.0969 27731 1857 2689 9.67843
34 9.1 10.016 0.0914 29399 1857 2689 9.66106
36 9.131 9.996 0.0865 31066 1857 2689 9.65526
38 9.159 9.979 0.0821 32737 1857 2689 9.67843
40 9.184 9.963 0.0781 34405 1857 2689 9.66106
42 9.208 9.95 0.0745 36076 1857 2689 9.67843
44 9.227 9.935 0.0712 37739 1857 2689 9.6321
46 9.246 9.923 0.0682 39407 1857 2689 9.66106
48 9.265 9.914 0.0654 41081 1857 2689 9.69581
50 9.28 9.903 0.0629 42747 1857 2689 9.64947
52 9.295 9.894 0.0605 44418 1857 2689 9.67843
54 9.309 9.885 0.0583 46084 1857 2689 9.64947
56 9.321 9.878 0.0563 47753 1857 2689 9.66685
58 9.333 9.87 0.0544 49419 1857 2689 9.64947
60 9.344 9.863 0.0526 51089 1857 2689 9.67264
62 9.355 9.857 0.0509 52759 1857 2689 9.67264
64 9.364 9.85 0.0494 54425 1857 2689 9.64947
66 9.373 9.845 0.0479 56097 1857 2689 9.68422
68 9.381 9.839 0.0465 57762 1857 2689 9.64368
70 9.389 9.834 0.0452 59430 1857 2689 9.66106
72 9.397 9.83 0.044 61101 1857 2689 9.67843
74 9.404 9.825 0.0428 62767 1857 2689 9.64947
76 9.411 9.821 0.0417 64436 1857 2689 9.66685
78 9.417 9.817 0.0406 66103 1857 2689 9.65526
80 9.423 9.813 0.0396 67771 1857 2689 9.66106
82 9.429 9.809 0.0387 69441 1857 2689 9.67264
84 9.435 9.806 0.0378 71109 1857 2689 9.66106
86 9.44 9.802 0.0369 72774 1857 2689 9.64368
88 9.445 9.799 0.0361 74444 1857 2689 9.67264
90 9.45 9.796 0.0353 76112 1857 2689 9.66106
92 9.455 9.793 0.0345 77782 1857 2689 9.67264
94 9.459 9.79 0.0338 79449 1857 2689 9.65526
96 9.463 9.788 0.0331 81117 1857 2689 9.66106
98 9.467 9.785 0.0324 82785 1857 2689 9.66106
100 9.471 9.783 0.0318 84455 1857 2689 9.67264
102 9.475 9.78 0.0312 86119 1857 2689 9.63789
104 9.479 9.778 0.0306 87791 1857 2689 9.68422
106 9.482 9.776 0.03 89457 1857 2689 9.64947
108 9.485 9.773 0.0295 91124 1857 2689 9.65526
110 9.488 9.771 0.0289 92793 1857 2689 9.66685
112 9.491 9.769 0.0284 94461 1857 2689 9.66106
114 9.494 9.768 0.0279 96130 1857 2689 9.66685
116 9.497 9.766 0.0274 97798 1857 2689 9.66106
118 9.5 9.764 0.027 99463 1857 2689 9.64368
120 9.503 9.762 0.0265 101132 1857 2689 9.66685
122 9.505 9.761 0.0261 102802 1857 2689 9.67264
124 9.508 9.759 0.0257 104470 1857 2689 9.66106
126 9.51 9.757 0.0253 106137 1857 2689 9.65526
128 9.512 9.756 0.0249 107805 1857 2689 9.66106
130 9.515 9.754 0.0245 109472 1857 2689 9.65526
132 9.517 9.753 0.0241 111140 1857 2689 9.66106
134 9.519 9.751 0.0238 112807 1857 2689 9.65526
136 9.521 9.75 0.0234 114479 1857 2689 9.68422
138 9.523 9.749 0.0231 116143 1857 2689 9.63789
140 9.525 9.748 0.0228 117813 1857 2689 9.67264
142 9.527 9.746 0.0225 119478 1857 2689 9.64368
144 9.529 9.745 0.0221 121148 1857 2689 9.67264
146 9.531 9.744 0.0218 122815 1857 2689 9.65526
148 9.532 9.743 0.0216 124484 1857 2689 9.66685
150 9.534 9.742 0.0213 126151 1857 2689 9.65526
152 9.536 9.741 0.021 127817 1857 2689 9.64947
154 9.537 9.74 0.0207 129486 1857 2689 9.66685
156 9.539 9.739 0.0205 131155 1857 2689 9.66685
158 9.54 9.737 0.0202 132821 1857 2689 9.64947
160 9.542 9.736 0.0199 134487 1857 2689 9.64947
162 9.543 9.735 0.0197 136155 1857 2689 9.66106
164 9.545 9.735 0.0195 137825 1857 2689 9.67264
166 9.546 9.734 0.0192 139491 1857 2689 9.64947
168 9.548 9.733 0.019 141162 1857 2689 9.67843
170 9.549 9.732 0.0188 142828 1857 2689 9.64947
172 9.55 9.731 0.0186 144498 1857 2689 9.67264
174 9.551 9.73 0.0183 146165 1857 2689 9.65526
176 9.553 9.73 0.0181 147832 1857 2689 9.65526
178 9.554 9.729 0.0179 149500 1857 2689 9.66106
180 9.555 9.728 0.0177 151168 1857 2689 9.66106
182 9.556 9.727 0.0175 152837 1857 2689 9.66685
184 9.557 9.726 0.0174 154503 1857 2689 9.64947
186 9.558 9.726 0.0172 156172 1857 2689 9.66685
188 9.559 9.725 0.017 157838 1857 2689 9.64947
190 9.56 9.724 0.0168 159506 1857 2689 9.66106
192 9.562 9.724 0.0166 161176 1857 2689 9.67264
194 9.562 9.723 0.0165 162841 1857 2689 9.64368
196 9.563 9.722 0.0163 164508 1857 2689 9.65526
198 9.564 9.722 0.0161 166177 1857 2689 9.66685
200 9.565 9.721 0.016 167842 1857 2689 9.64368
202 9.566 9.72 0.0158 169511 1857 2689 9.66685
204 9.567 9.72 0.0157 171178 1857 2689 9.65526
206 9.568 9.719 0.0155 172845 1857 2689 9.65526
208 9.569 9.719 0.0154 174515 1857 2689 9.67264
210 9.57 9.718 0.0152 176182 1857 2689 9.65526
212 9.571 9.717 0.0151 177849 1857 2689 9.65526
214 9.571 9.717 0.0149 179517 1857 2689 9.66106
216 9.572 9.716 0.0148 181183 1857 2689 9.64947
218 9.573 9.716 0.0147 182853 1857 2689 9.67264
220 9.574 9.715 0.0145 184519 1857 2689 9.64947
222 9.574 9.715 0.0144 186187 1857 2689 9.66106
224 9.575 9.714 0.0143 187856 1857 2689 9.66685
226 9.576 9.714 0.0141 189523 1857 2689 9.65526
228 9.577 9.713 0.014 191188 1857 2689 9.64368
230 9.577 9.713 0.0139 192859 1857 2689 9.67843
232 9.578 9.712 0.0138 194523 1857 2689 9.63789
234 9.579 9.712 0.0137 196193 1857 2689 9.67264
236 9.579 9.711 0.0135 197860 1857 2689 9.65526
238 9.58 9.711 0.0134 199527 1857 2689 9.65526
240 9.581 9.71 0.0133 201194 1857 2689 9.65526
242 9.581 9.71 0.0132 202863 1857 2689 9.66685
244 9.582 9.71 0.0131 204528 1857 2689 9.64368
246 9.583 9.709 0.013 206197 1857 2689 9.66685
248 9.583 9.709 0.0129 207864 1857 2689 9.65526
250 9.584 9.708 0.0128 209530 1857 2689 9.64947
252 9.584 9.708 0.0127 211198 1857 2689 9.66106
254 9.585 9.707 0.0126 212865 1857 2689 9.65526
256 9.585 9.707 0.0125 214533 1857 2689 9.66106
258 9.586 9.707 0.0124 216199 1857 2689 9.64947
260 9.587 9.706 0.0123 217868 1857 2689 9.66685
262 9.587 9.706 0.0122 219536 1857 2689 9.66106
264 9.588 9.706 0.0121 221201 1857 2689 9.64368
266 9.588 9.705 0.012 222869 1857 2689 9.66106
268 9.589 9.705 0.0119 224536 1857 2689 9.65526
270 9.589 9.705 0.0118 226205 1857 2689 9.66685
272 9.59 9.704 0.0118 227872 1857 2689 9.65526
274 9.59 9.704 0.0117 229539 1857 2689 9.65526
276 9.591 9.703 0.0116 231205 1857 2689 9.64947
278 9.591 9.703 0.0115 232873 1857 2689 9.66106
280 9.591 9.703 0.0114 234538 1857 2689 9.64368
282 9.592 9.702 0.0113 236207 1857 2689 9.66685
284 9.592 9.702 0.0113 237875 1857 2689 9.66106
286 9.593 9.702 0.0112 239542 1857 2689 9.65526
288 9.593 9.701 0.0111 241209 1857 2689 9.65526
290 9.594 9.701 0.011 242877 1857 2689 9.66106
292 9.594 9.701 0.0109 244543 1857 2689 9.64947
294 9.595 9.701 0.0109 246210 1857 2689 9.65526
296 9.595 9.7 0.0108 247877 1857 2689 9.65526
298 9.595 9.7 0.0107 249545 1857 2689 9.66106
300 9.596 9.7 0.0107 251210 1857 2689 9.64368
302 9.596 9.699 0.0106 252880 1857 2689 9.67264
304 9.597 9.699 0.0105 254544 1857 2689 9.63789
306 9.597 9.699 0.0104 256215 1857 2689 9.67843
308 9.597 9.699 0.0104 257881 1857 2689 9.64947
310 9.598 9.698 0.0103 259548 1857 2689 9.65526
312 9.598 9.698 0.0102 261214 1857 2689 9.64947
314 9.598 9.698 0.0102 262881 1857 2689 9.65526
316 9.599 9.697 0.0101 264548 1857 2689 9.65526
318 9.599 9.697 0.0101 266214 1857 2689 9.64947
320 9.599 9.697 0.01 267882 1857 2689 9.66106
322 9.6 9.697 0.0099 269550 1857 2689 9.66106
324 9.6 9.696 0.0099 271217 1857 2689 9.65526
326 9.601 9.696 0.0098 272886 1857 2689 9.66685
328 9.601 9.696 0.0097 274552 1857 2689 9.64947
330 9.601 9.696 0.0097 276218 1857 2689 9.64947
332 9.602 9.695 0.0096 277885 1857 2689 9.65526
334 9.602 9.695 0.0096 279552 1857 2689 9.65526
336 9.602 9.695 0.0095 281216 1857 2689 9.63789
338 9.602 9.695 0.0095 282886 1857 2689 9.67264
340 9.603 9.694 0.0094 284553 1857 2689 9.65526
342 9.603 9.694 0.0093 286220 1857 2689 9.65526
344 9.603 9.694 0.0093 287887 1857 2689 9.65526
346 9.604 9.694 0.0092 289552 1857 2689 9.64368
348 9.604 9.694 0.0092 291222 1857 2689 9.67264
350 9.604 9.693 0.0091 292888 1857 2689 9.64947
352 9.605 9.693 0.0091 294556 1857 2689 9.66106
354 9.605 9.693 0.009 296221 1857 2689 9.64368
356 9.605 9.693 0.009 297888 1857 2689 9.65526
358 9.605 9.692 0.0089 299552 1857 2689 9.63789
360 9.606 9.692 0.0089 301222 1857 2689 9.67264
362 9.606 9.692 0.0088 302889 1857 2689 9.65526
364 9.606 9.692 0.0088 304559 1857 2689 9.67264
366 9.606 9.692 0.0087 306223 1857 2689 9.63789
368 9.607 9.691 0.0087 307893 1857 2689 9.67264
370 9.607 9.691 0.0086 309556 1857 2689 9.6321
372 9.607 9.691 0.0086 311225 1857 2689 9.66685
374 9.607 9.691 0.0085 312889 1857 2689 9.63789
376 9.608 9.69 0.0085 314555 1857 2689 9.64947
378 9.608 9.69 0.0085 316223 1857 2689 9.66106
380 9.608 9.69 0.0084 317889 1857 2689 9.64947
382 9.608 9.69 0.0084 319559 1857 2689 9.67264
384 9.609 9.69 0.0083 321225 1857 2689 9.64947
386 9.609 9.69 0.0083 322893 1857 2689 9.66106
388 9.609 9.689 0.0082 324559 1857 2689 9.64947
390 9.609 9.689 0.0082 326227 1857 2689 9.66106
392 9.61 9.689 0.0082 327891 1857 2689 9.63789
394 9.61 9.689 0.0081 329557 1857 2689 9.64947
396 9.61 9.689 0.0081 331228 1857 2689 9.67843
398 9.61 9.689 0.008 332895 1857 2689 9.65526
400 9.611 9.688 0.008 334561 1857 2689 9.64947
402 9.611 9.688 0.0079 336229 1857 2689 9.66106
404 9.611 9.688 0.0079 337896 1857 2689 9.65526
406 9.611 9.688 0.0079 339560 1857 2689 9.63789
408 9.611 9.688 0.0078 341231 1857 2689 9.67843
410 9.612 9.688 0.0078 342898 1857 2689 9.65526
412 9.612 9.687 0.0078 344563 1857 2689 9.64368
414 9.612 9.687 0.0077 346231 1857 2689 9.66106
416 9.612 9.687 0.0077 347896 1857 2689 9.64368
418 9.612 9.687 0.0076 349565 1857 2689 9.66685
420 9.613 9.687 0.0076 351230 1857 2689 9.64368
422 9.613 9.687 0.0076 352897 1857 2689 9.65526
424 9.613 9.686 0.0075 354565 1857 2689 9.66106
426 9.613 9.686 0.0075 356233 1857 2689 9.66106
428 9.613 9.686 0.0075 357898 1857 2689 9.64368
430 9.614 9.686 0.0074 359567 1857 2689 9.66685
432 9.614 9.686 0.0074 361234 1857 2689 9.65526
434 9.614 9.686 0.0074 362899 1857 2689 9.64368
436 9.614 9.686 0.0073 364566 1857 2689 9.65526
438 9.614 9.685 0.0073 366233 1857 2689 9.65526
440 9.615 9.685 0.0073 367901 1857 2689 9.66106
442 9.615 9.685 0.0072 369565 1857 2689 9.63789
444 9.615 9.685 0.0072 371232 1857 2689 9.65526
446 9.609 9.68 0.0073 372726 1901 2733 8.65325
448 9.596 9.676 0.0082 374211 1972 3085 8.60112
450 9.595 9.674 0.0082 375823 1972 3085 9.3367
452 9.596 9.675 0.0081 377519 1972 3085 9.82323
454 9.596 9.675 0.0081 379189 1972 3085 9.67264
456 9.596 9.675 0.0081 380856 1972 3085 9.65526
458 9.596 9.675 0.008 382524 1972 3085 9.66106
460 9.597 9.674 0.008 384191 1972 3085 9.65526
462 9.597 9.674 0.0079 385859 1972 3085 9.66106
464 9.597 9.674 0.0079 387530 1972 3085 9.67843
466 9.598 9.674 0.0079 389194 1972 3085 9.63789
468 9.598 9.674 0.0078 390861 1972 3085 9.65526
470 9.598 9.674 0.0078 392531 1972 3085 9.67264
472 9.598 9.674 0.0078 394197 1972 3085 9.64947
474 9.599 9.674 0.0077 395865 1972 3085 9.66106
476 9.599 9.674 0.0077 397536 1972 3085 9.67843
478 9.599 9.674 0.0077 399203 1972 3085 9.65526
480 9.599 9.674 0.0076 400868 1972 3085 9.64368
482 9.6 9.674 0.0076 402537 1972 3085 9.66685
484 9.6 9.674 0.0076 404205 1972 3085 9.66106
486 9.6 9.674 0.0076 405873 1972 3085 9.66106
488 9.6 9.673 0.0075 407537 1972 3085 9.63789
490 9.601 9.673 0.0075 409206 1972 3085 9.66685
492 9.601 9.673 0.0075 410875 1972 3085 9.66685
494 9.601 9.673 0.0074 412543 1972 3085 9.66106
496 9.601 9.673 0.0074 414209 1972 3085 9.64947
498 9.602 9.673 0.0074 415879 1972 3085 9.67264
500 9.602 9.673 0.0073 417544 1972 3085 9.64368
502 9.602 9.673 0.0073 419212 1972 3085 9.66106
504 9.602 9.673 0.0073 420881 1972 3085 9.66685
506 9.602 9.673 0.0073 422547 1972 3085 9.64947
508 9.603 9.673 0.0072 424216 1972 3085 9.66685
510 9.603 9.673 0.0072 425883 1972 3085 9.65526
512 9.603 9.673 0.0072 427550 1972 3085 9.65526
514 9.603 9.673 0.0071 429217 1972 3085 9.65526
516 9.603 9.673 0.0071 430885 1972 3085 9.66106
518 9.604 9.673 0.0071 432553 1972 3085 9.66106
520 9.604 9.673 0.0071 434219 1972 3085 9.64947
522 9.604 9.672 0.007 435886 1972 3085 9.65526
524 9.604 9.672 0.007 437553 1972 3085 9.65526
526 9.604 9.672 0.007 439221 1972 3085 9.66106
528 9.605 9.672 0.0069 440886 1972 3085 9.64368
530 9.605 9.672 0.0069 442558 1972 3085 9.68422
532 9.605 9.672 0.0069 444225 1972 3085 9.65526
534 9.605 9.672 0.0069 445891 1972 3085 9.64947
536 9.605 9.672 0.0068 447559 1972 3085 9.66106
538 9.606 9.672 0.0068 449227 1972 3085 9.66106
540 9.606 9.672 0.0068 450893 1972 3085 9.64947
542 9.606 9.672 0.0068 452563 1972 3085 9.67264
544 9.606 9.672 0.0067 454231 1972 3085 9.66106
546 9.606 9.672 0.0067 455897 1972 3085 9.64947
548 9.607 9.672 0.0067 457562 1972 3085 9.64368
550 9.607 9.672 0.0067 459231 1972 3085 9.66685
552 9.607 9.672 0.0066 460896 1972 3085 9.64368
554 9.607 9.672 0.0066 462567 1972 3085 9.67843
556 9.607 9.672 0.0066 464231 1972 3085 9.63789
558 9.607 9.671 0.0066 465899 1972 3085 9.66106
560 9.608 9.671 0.0065 467568 1972 3085 9.66685
562 9.608 9.671 0.0065 469234 1972 3085 9.64947
564 9.608 9.671 0.0065 470901 1972 3085 9.65526
566 9.608 9.671 0.0065 472569 1972 3085 9.66106
568 9.608 9.671 0.0065 474237 1972 3085 9.66106
570 9.609 9.671 0.0064 475904 1972 3085 9.65526
572 9.609 9.671 0.0064 477570 1972 3085 9.64947
574 9.609 9.671 0.0064 479236 1972 3085 9.64947
576 9.609 9.671 0.0064 480904 1972 3085 9.66106
578 9.609 9.671 0.0063 482573 1972 3085 9.66685
580 9.609 9.671 0.0063 484238 1972 3085 9.64368
582 9.609 9.671 0.0063 485907 1972 3085 9.66685
584 9.61 9.671 0.0063 487574 1972 3085 9.65526
586 9.61 9.671 0.0063 489242 1972 3085 9.66106
588 9.61 9.671 0.0062 490909 1972 3085 9.65526
590 9.61 9.671 0.0062 492575 1972 3085 9.64947
592 9.61 9.671 0.0062 494245 1972 3085 9.67264
594 9.61 9.671 0.0062 495907 1972 3085 9.6263
596 9.611 9.671 0.0062 497579 1972 3085 9.68422
598 9.611 9.67 0.0061 499244 1972 3085 9.64368
