0-Time  1-AverageGoodput  2-AverageThroughput  3-AveragePlr  4-AccumAggregTxPkts  5-AccumAggregLostPkts  6-AccumRetransPkts  7-Instantanous Throughput 
0.001 0 0 0 0 0 0 0
2 9.458 9.458 0 1633 0 0 9.46307
4 10.938 11.12 0.0164 3840 37 63 12.7829
6 8.11 10.236 0.2076 5302 1037 1101 8.4679
8 8.505 10.099 0.1578 6975 1037 1101 9.69002
10 8.743 10.019 0.1272 8649 1037 1101 9.69581
12 8.899 9.962 0.1066 10320 1037 1101 9.67843
14 9.01 9.921 0.0918 11991 1037 1101 9.67843
16 9.095 9.892 0.0805 13664 1037 1101 9.69002
18 9.16 9.868 0.0717 15335 1037 1101 9.67843
20 9.212 9.849 0.0647 17006 1037 1101 9.67843
22 9.256 9.835 0.0589 18680 1037 1101 9.69581
24 9.291 9.822 0.0541 20351 1037 1101 9.67843
26 9.322 9.812 0.0499 22024 1037 1101 9.69002
28 9.347 9.802 0.0464 23695 1037 1101 9.67843
30 9.369 9.794 0.0434 25365 1037 1101 9.67264
32 9.388 9.787 0.0407 27037 1037 1101 9.68422
34 9.406 9.781 0.0383 28710 1037 1101 9.69002
36 9.42 9.774 0.0362 30378 1037 1101 9.66106
38 9.435 9.771 0.0343 32053 1037 1101 9.7016
40 9.447 9.765 0.0326 33722 1037 1101 9.66685
42 9.457 9.761 0.0311 35391 1037 1101 9.66685
44 9.467 9.757 0.0297 37063 1037 1101 9.68422
46 9.476 9.754 0.0284 38734 1037 1101 9.67843
48 9.485 9.751 0.0272 40405 1037 1101 9.67843
50 9.492 9.747 0.0261 42075 1037 1101 9.67264
52 9.5 9.745 0.0251 43748 1037 1101 9.69002
54 9.505 9.742 0.0242 45414 1037 1101 9.64947
56 9.512 9.74 0.0233 47086 1037 1101 9.68422
58 9.518 9.738 0.0225 48758 1037 1101 9.68422
60 9.523 9.735 0.0218 50427 1037 1101 9.66685
62 9.528 9.734 0.0211 52099 1037 1101 9.68422
64 9.532 9.732 0.0204 53768 1037 1101 9.66685
66 9.537 9.73 0.0198 55441 1037 1101 9.69002
68 9.54 9.728 0.0192 57108 1037 1101 9.65526
70 9.545 9.727 0.0187 58781 1037 1101 9.69002
72 9.548 9.725 0.0182 60449 1037 1101 9.66106
74 9.551 9.724 0.0177 62120 1037 1101 9.67843
76 9.554 9.722 0.0172 63787 1037 1101 9.65526
78 9.557 9.721 0.0168 65459 1037 1101 9.68422
80 9.56 9.72 0.0164 67128 1037 1101 9.66685
82 9.563 9.719 0.016 68800 1037 1101 9.68422
84 9.565 9.717 0.0156 70467 1037 1101 9.65526
86 9.568 9.716 0.0152 72138 1037 1101 9.67843
88 9.57 9.715 0.0149 73808 1037 1101 9.67264
90 9.573 9.715 0.0145 75480 1037 1101 9.68422
92 9.575 9.714 0.0142 77149 1037 1101 9.66685
94 9.577 9.712 0.0139 78817 1037 1101 9.66106
96 9.579 9.712 0.0136 80489 1037 1101 9.68422
98 9.58 9.711 0.0134 82155 1037 1101 9.64947
100 9.582 9.71 0.0131 83826 1037 1101 9.67843
102 9.584 9.709 0.0128 85496 1037 1101 9.67264
104 9.585 9.708 0.0126 87163 1037 1101 9.65526
106 9.587 9.707 0.0123 88833 1037 1101 9.67264
108 9.589 9.707 0.0121 90502 1037 1101 9.66685
110 9.59 9.706 0.0119 92173 1037 1101 9.67843
112 9.591 9.705 0.0117 93841 1037 1101 9.66106
114 9.593 9.705 0.0115 95511 1037 1101 9.67264
116 9.594 9.704 0.0113 97180 1037 1101 9.66685
118 9.595 9.704 0.0111 98850 1037 1101 9.67264
120 9.596 9.703 0.0109 100517 1037 1101 9.65526
122 9.598 9.702 0.0107 102186 1037 1101 9.66685
124 9.599 9.702 0.0106 103858 1037 1101 9.68422
126 9.6 9.701 0.0104 105524 1037 1101 9.64947
128 9.601 9.701 0.0102 107194 1037 1101 9.67264
130 9.602 9.7 0.0101 108865 1037 1101 9.67843
132 9.603 9.7 0.0099 110533 1037 1101 9.66106
134 9.603 9.699 0.0098 112196 1037 1107 9.6321
136 9.565 9.688 0.0127 113751 1074 1448 9.00656
138 9.554 9.678 0.0127 115295 1074 1469 8.94285
140 9.556 9.678 0.0125 116967 1074 1469 9.68422
142 9.558 9.678 0.0123 118637 1074 1469 9.67264
144 9.559 9.678 0.0122 120308 1074 1469 9.67843
146 9.561 9.678 0.012 121980 1074 1469 9.68422
148 9.563 9.678 0.0118 123650 1074 1469 9.67264
150 9.564 9.677 0.0117 125318 1074 1469 9.66106
152 9.565 9.677 0.0115 126987 1074 1469 9.66685
154 9.567 9.677 0.0114 128659 1074 1469 9.68422
156 9.568 9.677 0.0112 130330 1074 1469 9.67843
158 9.569 9.677 0.0111 131999 1074 1469 9.66685
160 9.571 9.677 0.0109 133670 1074 1469 9.67843
162 9.572 9.677 0.0108 135341 1074 1469 9.67843
164 9.573 9.677 0.0107 137010 1074 1469 9.66685
166 9.575 9.677 0.0105 138680 1074 1469 9.67264
168 9.576 9.677 0.0104 140353 1074 1469 9.69002
170 9.577 9.677 0.0103 142021 1074 1469 9.66106
172 9.578 9.677 0.0102 143691 1074 1469 9.67264
174 9.579 9.677 0.0101 145359 1074 1469 9.66106
176 9.58 9.677 0.0099 147032 1074 1469 9.69002
178 9.581 9.677 0.0098 148700 1074 1469 9.66106
180 9.582 9.677 0.0097 150374 1074 1469 9.69581
182 9.583 9.677 0.0096 152039 1074 1469 9.64368
184 9.584 9.677 0.0095 153711 1074 1469 9.68422
186 9.585 9.676 0.0094 155379 1074 1469 9.66106
188 9.586 9.677 0.0093 157051 1074 1469 9.68422
190 9.587 9.676 0.0092 158716 1074 1469 9.64368
192 9.588 9.676 0.0091 160387 1074 1469 9.67843
194 9.588 9.676 0.009 162058 1074 1469 9.67843
196 9.589 9.676 0.0089 163727 1074 1469 9.66685
198 9.59 9.676 0.0088 165398 1074 1469 9.67843
200 9.591 9.676 0.0087 167066 1074 1469 9.66106
202 9.592 9.676 0.0087 168737 1074 1469 9.67843
204 9.592 9.676 0.0086 170404 1074 1469 9.65526
206 9.593 9.676 0.0085 172075 1074 1469 9.67843
208 9.594 9.676 0.0084 173743 1074 1469 9.66106
210 9.595 9.676 0.0083 175412 1074 1469 9.66685
212 9.595 9.675 0.0082 177081 1074 1469 9.66685
214 9.596 9.675 0.0082 178751 1074 1469 9.67264
216 9.597 9.675 0.0081 180421 1074 1469 9.67264
218 9.597 9.675 0.008 182088 1074 1469 9.65526
220 9.598 9.675 0.0079 183757 1074 1469 9.66685
222 9.599 9.675 0.0079 185428 1074 1469 9.67843
224 9.599 9.675 0.0078 187096 1074 1469 9.66106
226 9.6 9.675 0.0077 188764 1074 1469 9.66106
228 9.593 9.668 0.0077 190304 1082 1477 8.91968
230 9.576 9.665 0.0092 191916 1201 1783 9.3367
232 9.576 9.665 0.0092 193577 1201 1783 9.62051
234 9.577 9.665 0.0091 195246 1201 1783 9.66685
236 9.578 9.665 0.009 196917 1201 1783 9.67843
238 9.578 9.665 0.0089 198587 1201 1783 9.67264
240 9.579 9.665 0.0089 200259 1201 1783 9.68422
242 9.58 9.665 0.0088 201927 1201 1783 9.66106
244 9.581 9.665 0.0087 203596 1201 1783 9.66685
246 9.581 9.665 0.0086 205268 1201 1783 9.68422
248 9.582 9.666 0.0086 206939 1201 1783 9.67843
250 9.583 9.666 0.0085 208608 1201 1783 9.66685
252 9.584 9.666 0.0084 210278 1201 1783 9.67264
254 9.584 9.666 0.0084 211948 1201 1783 9.67264
256 9.585 9.666 0.0083 213618 1201 1783 9.67264
258 9.586 9.666 0.0082 215288 1201 1783 9.67264
260 9.586 9.666 0.0082 216954 1201 1783 9.64947
262 9.587 9.666 0.0081 218626 1201 1783 9.68422
264 9.588 9.666 0.008 220296 1201 1783 9.67264
266 9.588 9.666 0.008 221964 1201 1783 9.66106
268 9.589 9.666 0.0079 223635 1201 1783 9.67843
270 9.589 9.666 0.0079 225304 1201 1783 9.66685
272 9.59 9.666 0.0078 226975 1201 1783 9.67843
274 9.591 9.666 0.0077 228645 1201 1783 9.67264
276 9.591 9.666 0.0077 230311 1201 1783 9.64947
278 9.592 9.666 0.0076 231982 1201 1783 9.67843
280 9.592 9.666 0.0076 233654 1201 1783 9.68422
282 9.593 9.666 0.0075 235320 1201 1783 9.64947
284 9.593 9.666 0.0075 236991 1201 1783 9.67843
286 9.594 9.666 0.0074 238661 1201 1783 9.67264
288 9.594 9.666 0.0074 240330 1201 1783 9.66685
290 9.595 9.666 0.0073 241999 1201 1783 9.66685
292 9.595 9.666 0.0073 243671 1201 1783 9.68422
294 9.596 9.666 0.0072 245336 1201 1783 9.64368
296 9.596 9.666 0.0072 247008 1201 1783 9.68422
298 9.597 9.666 0.0071 248676 1201 1783 9.66106
300 9.597 9.666 0.0071 250345 1201 1783 9.66685
302 9.598 9.666 0.007 252015 1201 1783 9.67264
304 9.598 9.666 0.007 253683 1201 1783 9.66106
306 9.583 9.658 0.0077 255147 1336 1979 8.47949
308 9.579 9.659 0.0082 256818 1453 2109 9.67843
310 9.58 9.659 0.0081 258485 1453 2109 9.65526
312 9.58 9.659 0.0081 260156 1453 2109 9.67843
314 9.581 9.659 0.008 261826 1453 2109 9.67264
316 9.582 9.659 0.008 263499 1453 2109 9.69002
318 9.582 9.659 0.0079 265168 1453 2109 9.66685
320 9.583 9.659 0.0079 266838 1453 2109 9.67264
322 9.583 9.659 0.0078 268508 1453 2109 9.67264
324 9.584 9.659 0.0078 270179 1453 2109 9.67843
326 9.584 9.659 0.0077 271847 1453 2109 9.66106
328 9.585 9.659 0.0077 273518 1453 2109 9.67843
330 9.585 9.66 0.0076 275190 1453 2109 9.68422
332 9.586 9.66 0.0076 276858 1453 2109 9.66106
334 9.587 9.66 0.0075 278530 1453 2109 9.68422
336 9.587 9.66 0.0075 280199 1453 2109 9.66685
338 9.588 9.66 0.0074 281870 1453 2109 9.67843
340 9.588 9.66 0.0074 283538 1453 2109 9.66106
342 9.588 9.66 0.0073 285208 1453 2109 9.67264
344 9.589 9.66 0.0073 286876 1453 2109 9.66106
346 9.589 9.66 0.0073 288548 1453 2109 9.68422
348 9.59 9.66 0.0072 290216 1453 2109 9.66106
350 9.59 9.66 0.0072 291887 1453 2109 9.67843
352 9.591 9.66 0.0071 293555 1453 2109 9.66106
354 9.591 9.66 0.0071 295225 1453 2109 9.67264
356 9.592 9.66 0.0071 296894 1453 2109 9.66685
358 9.592 9.66 0.007 298564 1453 2109 9.67264
360 9.593 9.66 0.007 300235 1453 2109 9.67843
362 9.593 9.66 0.0069 301901 1453 2109 9.64947
364 9.593 9.66 0.0069 303570 1453 2109 9.66685
366 9.594 9.66 0.0069 305239 1453 2109 9.66685
368 9.594 9.66 0.0068 306908 1453 2109 9.66685
370 9.594 9.66 0.0068 308578 1453 2109 9.67264
372 9.595 9.661 0.0067 310247 1453 2109 9.66685
374 9.595 9.661 0.0067 311918 1453 2109 9.67843
376 9.596 9.661 0.0067 313585 1453 2109 9.65526
378 9.596 9.661 0.0066 315255 1453 2109 9.67264
380 9.596 9.661 0.0066 316925 1453 2109 9.67264
382 9.597 9.661 0.0066 318595 1453 2109 9.67264
384 9.597 9.661 0.0065 320263 1453 2109 9.66106
386 9.597 9.661 0.0065 321931 1453 2109 9.66106
388 9.587 9.655 0.0071 323416 1611 2300 8.60112
390 9.587 9.655 0.007 325087 1611 2300 9.67843
392 9.588 9.655 0.007 326756 1611 2300 9.66685
394 9.588 9.656 0.007 328427 1611 2300 9.67843
396 9.588 9.656 0.0069 330099 1611 2300 9.68422
398 9.589 9.656 0.0069 331768 1611 2300 9.66685
400 9.589 9.656 0.0068 333439 1611 2300 9.67843
402 9.59 9.656 0.0068 335109 1611 2300 9.67264
404 9.59 9.656 0.0068 336777 1611 2300 9.66106
406 9.59 9.656 0.0067 338446 1611 2300 9.66685
408 9.591 9.656 0.0067 340118 1611 2300 9.68422
410 9.591 9.656 0.0067 341784 1611 2300 9.64947
412 9.592 9.656 0.0066 343455 1611 2300 9.67843
414 9.592 9.656 0.0066 345126 1611 2300 9.67843
416 9.592 9.656 0.0066 346797 1611 2300 9.67843
418 9.593 9.656 0.0066 348464 1611 2300 9.65526
420 9.593 9.657 0.0065 350135 1611 2300 9.67843
422 9.594 9.657 0.0065 351806 1611 2300 9.67843
424 9.594 9.657 0.0065 353475 1611 2300 9.66685
426 9.594 9.657 0.0064 355145 1611 2300 9.67264
428 9.595 9.657 0.0064 356814 1611 2300 9.66685
430 9.595 9.657 0.0064 358483 1611 2300 9.66685
432 9.595 9.657 0.0063 360154 1611 2300 9.67843
434 9.596 9.657 0.0063 361821 1611 2300 9.65526
436 9.596 9.657 0.0063 363493 1611 2300 9.68422
438 9.596 9.657 0.0062 365158 1611 2300 9.64368
440 9.597 9.657 0.0062 366831 1611 2300 9.69002
442 9.597 9.657 0.0062 368498 1611 2300 9.65526
444 9.597 9.657 0.0062 370171 1611 2300 9.69002
446 9.597 9.657 0.0061 371836 1611 2300 9.64368
448 9.598 9.657 0.0061 373508 1611 2300 9.68422
450 9.598 9.657 0.0061 375175 1611 2300 9.65526
452 9.598 9.657 0.0061 376846 1611 2300 9.67843
454 9.599 9.657 0.006 378514 1611 2300 9.66106
456 9.599 9.657 0.006 380183 1611 2300 9.66685
458 9.599 9.658 0.006 381853 1611 2300 9.67264
460 9.592 9.654 0.0063 383376 1682 2443 8.82122
462 9.593 9.654 0.0063 385045 1682 2443 9.66685
464 9.593 9.654 0.0063 386716 1682 2443 9.67843
466 9.593 9.654 0.0062 388385 1682 2443 9.66685
468 9.594 9.654 0.0062 390056 1682 2443 9.67843
470 9.594 9.654 0.0062 391721 1682 2443 9.64368
472 9.594 9.654 0.0062 393396 1682 2443 9.7016
474 9.595 9.654 0.0061 395062 1682 2443 9.64947
476 9.595 9.654 0.0061 396735 1682 2443 9.69002
478 9.595 9.654 0.0061 398400 1682 2443 9.64368
480 9.596 9.655 0.0061 400073 1682 2443 9.69002
482 9.596 9.655 0.006 401740 1682 2443 9.65526
484 9.596 9.655 0.006 403414 1682 2443 9.69581
486 9.596 9.655 0.006 405079 1682 2443 9.64368
488 9.597 9.655 0.006 406752 1682 2443 9.69002
490 9.597 9.655 0.0059 408420 1682 2443 9.66106
492 9.597 9.655 0.0059 410091 1682 2443 9.67843
494 9.598 9.655 0.0059 411757 1682 2443 9.64947
496 9.598 9.655 0.0059 413427 1682 2443 9.67264
498 9.598 9.655 0.0058 415097 1682 2443 9.67264
500 9.599 9.655 0.0058 416768 1682 2443 9.67843
502 9.599 9.655 0.0058 418433 1682 2443 9.64368
504 9.599 9.655 0.0058 420106 1682 2443 9.69002
506 9.599 9.655 0.0057 421773 1682 2443 9.65526
508 9.6 9.655 0.0057 423445 1682 2443 9.68422
510 9.6 9.655 0.0057 425112 1682 2443 9.65526
512 9.6 9.655 0.0057 426781 1682 2443 9.66685
514 9.6 9.655 0.0057 428449 1682 2443 9.66106
516 9.601 9.655 0.0056 430118 1682 2443 9.66685
518 9.601 9.656 0.0056 431789 1682 2443 9.67843
520 9.594 9.652 0.006 433299 1785 2608 8.74592
522 9.594 9.652 0.0059 434971 1785 2608 9.68422
524 9.595 9.652 0.0059 436639 1785 2608 9.66106
526 9.595 9.652 0.0059 438311 1785 2608 9.68422
528 9.595 9.652 0.0059 439981 1785 2608 9.67264
530 9.595 9.652 0.0059 441651 1785 2608 9.67264
532 9.596 9.653 0.0058 443319 1785 2608 9.66106
534 9.596 9.653 0.0058 444989 1785 2608 9.67264
536 9.596 9.653 0.0058 446660 1785 2608 9.67843
538 9.597 9.653 0.0058 448330 1785 2608 9.67264
540 9.597 9.653 0.0057 449999 1785 2608 9.66685
542 9.597 9.653 0.0057 451668 1785 2608 9.66685
544 9.597 9.653 0.0057 453337 1785 2608 9.66685
546 9.598 9.653 0.0057 455006 1785 2608 9.66685
548 9.598 9.653 0.0057 456677 1785 2608 9.67843
550 9.598 9.653 0.0056 458347 1785 2608 9.67264
552 9.598 9.653 0.0056 460016 1785 2608 9.66685
554 9.599 9.653 0.0056 461687 1785 2608 9.67843
556 9.599 9.653 0.0056 463355 1785 2608 9.66106
558 9.599 9.653 0.0056 465024 1785 2608 9.66685
560 9.599 9.653 0.0055 466693 1785 2608 9.66685
562 9.6 9.653 0.0055 468365 1785 2608 9.68422
564 9.6 9.653 0.0055 470029 1785 2608 9.63789
566 9.6 9.654 0.0055 471700 1785 2608 9.67843
568 9.6 9.654 0.0055 473367 1785 2608 9.65526
570 9.601 9.654 0.0054 475038 1785 2608 9.67843
572 9.601 9.654 0.0054 476708 1785 2608 9.67264
574 9.601 9.654 0.0054 478375 1785 2608 9.65526
576 9.601 9.654 0.0054 480045 1785 2608 9.67264
578 9.602 9.654 0.0054 481715 1785 2608 9.67264
580 9.602 9.654 0.0053 483386 1785 2608 9.67843
582 9.602 9.654 0.0053 485055 1785 2608 9.66685
584 9.594 9.651 0.0058 486562 1931 2849 8.72854
586 9.591 9.649 0.006 488154 1931 2948 9.22086
588 9.591 9.649 0.006 489828 1931 2948 9.69581
590 9.592 9.65 0.0059 491497 1931 2948 9.66685
592 9.592 9.65 0.0059 493170 1931 2948 9.69002
594 9.592 9.65 0.0059 494837 1931 2948 9.65526
596 9.592 9.65 0.0059 496508 1931 2948 9.67843
598 9.593 9.65 0.0059 498178 1931 2948 9.67264
